# pt34_16   
# underflow	  0.0000000    	  0.0000000    
# overflow	  922.84972    	  18.333098    
# sum	  278602.89    	  10323.164    
# xmin	xmax	cross	numerror
  0.0000000    	  1.0000000    	  74.727844    	  51.634033    
  1.0000000    	  2.0000000    	  13613.002    	  3374.9271    
  2.0000000    	  3.0000000    	  17351.431    	  3107.3168    
  3.0000000    	  4.0000000    	  18170.744    	  2859.2711    
  4.0000000    	  5.0000000    	  19418.840    	  2600.9460    
  5.0000000    	  6.0000000    	  14982.317    	  2275.5697    
  6.0000000    	  7.0000000    	  18661.314    	  2579.3937    
  7.0000000    	  8.0000000    	  10535.003    	  1914.5913    
  8.0000000    	  9.0000000    	  11277.540    	  1829.3381    
  9.0000000    	  10.000000    	  11096.114    	  1938.3685    
  10.000000    	  11.000000    	  10502.022    	  1800.3689    
  11.000000    	  12.000000    	  9135.1323    	  1749.0465    
  12.000000    	  13.000000    	  9994.7002    	  1726.0464    
  13.000000    	  14.000000    	  7605.5577    	  1540.6024    
  14.000000    	  15.000000    	  5516.8999    	  1227.9240    
  15.000000    	  16.000000    	  6222.0300    	  1372.7088    
  16.000000    	  17.000000    	  3585.8632    	  890.45998    
  17.000000    	  18.000000    	  4793.0106    	  1152.7825    
  18.000000    	  19.000000    	  4377.4946    	  1010.9029    
  19.000000    	  20.000000    	  1749.9715    	  553.97817    
  20.000000    	  21.000000    	  1487.8225    	  610.46947    
  21.000000    	  22.000000    	  2437.8328    	  728.57021    
  22.000000    	  23.000000    	  1933.5705    	  642.60864    
  23.000000    	  24.000000    	  2697.0532    	  775.56013    
  24.000000    	  25.000000    	  2046.7254    	  696.41207    
  25.000000    	  26.000000    	  2332.4968    	  807.18113    
  26.000000    	  27.000000    	  1106.0228    	  425.80292    
  27.000000    	  28.000000    	  1388.7801    	  504.57517    
  28.000000    	  29.000000    	  1924.9709    	  521.88298    
  29.000000    	  30.000000    	  2511.2986    	  426.90968    
  30.000000    	  31.000000    	  981.94975    	  354.79818    
  31.000000    	  32.000000    	  3475.9787    	  1031.6927    
  32.000000    	  33.000000    	  1709.1052    	  446.86395    
  33.000000    	  34.000000    	  2334.1002    	  1058.3980    
  34.000000    	  35.000000    	  1264.0583    	  422.66005    
  35.000000    	  36.000000    	  1684.0977    	  507.71506    
  36.000000    	  37.000000    	  1819.0391    	  534.21877    
  37.000000    	  38.000000    	  1045.6672    	  343.09344    
  38.000000    	  39.000000    	  1612.6077    	  409.22761    
  39.000000    	  40.000000    	  955.28962    	  423.08177    
  40.000000    	  41.000000    	  2012.5818    	  816.42976    
  41.000000    	  42.000000    	  1027.4122    	  292.26733    
  42.000000    	  43.000000    	  1193.2422    	  410.50404    
  43.000000    	  44.000000    	  1340.3761    	  437.68541    
  44.000000    	  45.000000    	  1778.1976    	  680.46179    
  45.000000    	  46.000000    	  760.15525    	  374.50941    
  46.000000    	  47.000000    	  3551.4867    	  1831.8523    
  47.000000    	  48.000000    	  1188.9880    	  505.99702    
  48.000000    	  49.000000    	  1117.5625    	  352.61505    
  49.000000    	  50.000000    	  810.17056    	  380.65838    
  50.000000    	  51.000000    	  1267.1660    	  564.27120    
  51.000000    	  52.000000    	  975.20385    	  266.57778    
  52.000000    	  53.000000    	  3762.5572    	  1885.6287    
  53.000000    	  54.000000    	  1837.9457    	  1119.4325    
  54.000000    	  55.000000    	  1701.8574    	  897.49496    
  55.000000    	  56.000000    	  3835.3451    	  2471.0791    
  56.000000    	  57.000000    	  1574.2422    	  973.27583    
  57.000000    	  58.000000    	  1393.7868    	  633.29425    
  58.000000    	  59.000000    	  857.09077    	  268.02588    
  59.000000    	  60.000000    	  733.17242    	  315.26183    
  60.000000    	  61.000000    	  853.13797    	  326.95636    
  61.000000    	  62.000000    	  1923.4053    	  917.29843    
  62.000000    	  63.000000    	  310.58971    	  35.573170    
  63.000000    	  64.000000    	  673.33893    	  377.17537    
  64.000000    	  65.000000    	  578.04178    	  243.21416    
  65.000000    	  66.000000    	  420.32948    	  160.91161    
  66.000000    	  67.000000    	  804.85891    	  332.15954    
  67.000000    	  68.000000    	  454.63121    	  194.62938    
  68.000000    	  69.000000    	  350.62600    	  147.04639    
  69.000000    	  70.000000    	  223.66628    	  26.198966    
  70.000000    	  71.000000    	  981.93211    	  783.06169    
  71.000000    	  72.000000    	  268.44115    	  56.983741    
  72.000000    	  73.000000    	  80.592486    	  205.59756    
  73.000000    	  74.000000    	  145.53598    	  28.657107    
  74.000000    	  75.000000    	 -233.49304    	  450.41268    
  75.000000    	  76.000000    	  125.40603    	  43.615996    
  76.000000    	  77.000000    	  189.60301    	  39.998158    
  77.000000    	  78.000000    	  117.24811    	  54.151036    
  78.000000    	  79.000000    	 -308.08987    	  620.44284    
  79.000000    	  80.000000    	  68.951106    	  108.68666    
  80.000000    	  81.000000    	  106.97034    	  15.537452    
  81.000000    	  82.000000    	  117.95409    	  13.877795    
  82.000000    	  83.000000    	  104.72714    	  13.186169    
  83.000000    	  84.000000    	  99.094931    	  11.679170    
  84.000000    	  85.000000    	  100.91324    	  11.892822    
  85.000000    	  86.000000    	  94.096296    	  11.261758    
  86.000000    	  87.000000    	  88.532989    	  9.7058842    
  87.000000    	  88.000000    	  98.580779    	  10.016960    
  88.000000    	  89.000000    	  69.597902    	  10.413764    
  89.000000    	  90.000000    	  83.663600    	  10.077936    
  90.000000    	  91.000000    	  69.921009    	  9.5270183    
  91.000000    	  92.000000    	  62.769763    	  8.5669208    
  92.000000    	  93.000000    	  58.622919    	  8.3765083    
  93.000000    	  94.000000    	  60.111825    	  7.7183916    
  94.000000    	  95.000000    	  55.339441    	  8.1876941    
  95.000000    	  96.000000    	  54.597687    	  7.4644567    
  96.000000    	  97.000000    	  64.898098    	  7.6208005    
  97.000000    	  98.000000    	  46.427806    	  6.9122301    
  98.000000    	  99.000000    	  43.852434    	  6.6726036    
  99.000000    	  100.00000    	  39.895361    	  7.1299300    
