# pt34_9    
# underflow	  0.0000000    	  0.0000000    
# overflow	  8168.4627    	  105.24709    
# sum	  1635391.0    	  14658.607    
# xmin	xmax	cross	numerror
  0.0000000    	  1.0000000    	  2155.6498    	  555.51609    
  1.0000000    	  2.0000000    	  188652.14    	  3559.3833    
  2.0000000    	  3.0000000    	  167025.89    	  2953.2072    
  3.0000000    	  4.0000000    	  133951.72    	  3037.9354    
  4.0000000    	  5.0000000    	  110794.91    	  2946.1075    
  5.0000000    	  6.0000000    	  90957.945    	  2740.0450    
  6.0000000    	  7.0000000    	  80559.537    	  2761.3189    
  7.0000000    	  8.0000000    	  68536.072    	  2611.2582    
  8.0000000    	  9.0000000    	  58810.131    	  2483.1714    
  9.0000000    	  10.000000    	  52381.277    	  2415.6232    
  10.000000    	  11.000000    	  49230.839    	  2374.3156    
  11.000000    	  12.000000    	  39251.816    	  2106.4815    
  12.000000    	  13.000000    	  37898.085    	  2034.3190    
  13.000000    	  14.000000    	  34901.935    	  2094.2373    
  14.000000    	  15.000000    	  32442.799    	  2003.9266    
  15.000000    	  16.000000    	  27832.434    	  1816.3189    
  16.000000    	  17.000000    	  24857.474    	  1713.8206    
  17.000000    	  18.000000    	  19416.595    	  1381.5766    
  18.000000    	  19.000000    	  18202.883    	  1302.3017    
  19.000000    	  20.000000    	  17656.923    	  1421.3594    
  20.000000    	  21.000000    	  17321.293    	  1535.2416    
  21.000000    	  22.000000    	  14292.294    	  1188.0412    
  22.000000    	  23.000000    	  15737.643    	  1433.9233    
  23.000000    	  24.000000    	  12414.136    	  1140.8050    
  24.000000    	  25.000000    	  16058.608    	  1648.1482    
  25.000000    	  26.000000    	  10709.267    	  1107.7185    
  26.000000    	  27.000000    	  11598.094    	  1260.7683    
  27.000000    	  28.000000    	  10815.388    	  1382.7829    
  28.000000    	  29.000000    	  8845.2019    	  1153.2573    
  29.000000    	  30.000000    	  9271.4934    	  1120.3939    
  30.000000    	  31.000000    	  10427.038    	  1453.5452    
  31.000000    	  32.000000    	  8623.5697    	  1198.3763    
  32.000000    	  33.000000    	  8829.2027    	  1187.2322    
  33.000000    	  34.000000    	  7558.7010    	  1052.9634    
  34.000000    	  35.000000    	  7532.5615    	  1575.6195    
  35.000000    	  36.000000    	  8997.4579    	  1375.1822    
  36.000000    	  37.000000    	  8957.8935    	  1329.4735    
  37.000000    	  38.000000    	  8188.5361    	  1511.8275    
  38.000000    	  39.000000    	  8726.2017    	  2181.0019    
  39.000000    	  40.000000    	  6503.2787    	  1144.4066    
  40.000000    	  41.000000    	  5084.9069    	  1114.7749    
  41.000000    	  42.000000    	  10841.475    	  2010.0651    
  42.000000    	  43.000000    	  6468.3524    	  1404.6263    
  43.000000    	  44.000000    	  5481.2889    	  1119.7408    
  44.000000    	  45.000000    	  5190.1303    	  1291.4501    
  45.000000    	  46.000000    	  7331.1735    	  1848.4591    
  46.000000    	  47.000000    	  5712.3940    	  1381.0341    
  47.000000    	  48.000000    	  4944.1172    	  1019.6809    
  48.000000    	  49.000000    	  6691.4336    	  1415.5618    
  49.000000    	  50.000000    	  4811.2772    	  1310.1635    
  50.000000    	  51.000000    	  3472.9702    	  1027.9634    
  51.000000    	  52.000000    	  5865.2812    	  1989.5226    
  52.000000    	  53.000000    	  3830.8335    	  943.77468    
  53.000000    	  54.000000    	  3322.7036    	  1537.6423    
  54.000000    	  55.000000    	  1206.3246    	  478.95560    
  55.000000    	  56.000000    	  3935.4549    	  1250.8483    
  56.000000    	  57.000000    	  5263.0213    	  1489.3537    
  57.000000    	  58.000000    	  3585.9844    	  1355.4179    
  58.000000    	  59.000000    	  3440.2454    	  944.11848    
  59.000000    	  60.000000    	  3199.3466    	  949.07702    
  60.000000    	  61.000000    	  3744.0984    	  1447.9832    
  61.000000    	  62.000000    	  2681.2945    	  910.37982    
  62.000000    	  63.000000    	  2678.4075    	  1008.3552    
  63.000000    	  64.000000    	  3876.3625    	  1444.7180    
  64.000000    	  65.000000    	  2795.6878    	  1173.4597    
  65.000000    	  66.000000    	  5658.1213    	  2461.6320    
  66.000000    	  67.000000    	  2554.6915    	  1403.3016    
  67.000000    	  68.000000    	  2254.6335    	  1055.8999    
  68.000000    	  69.000000    	  2306.2974    	  876.45635    
  69.000000    	  70.000000    	  3102.3013    	  1113.4055    
  70.000000    	  71.000000    	  2939.7466    	  1710.0189    
  71.000000    	  72.000000    	  3021.9912    	  1807.4968    
  72.000000    	  73.000000    	  3034.2850    	  1235.6932    
  73.000000    	  74.000000    	  2966.2062    	  1459.2143    
  74.000000    	  75.000000    	  2135.4581    	  1263.8292    
  75.000000    	  76.000000    	  876.31825    	  303.15507    
  76.000000    	  77.000000    	  1602.2399    	  668.79309    
  77.000000    	  78.000000    	  1854.2886    	  816.38353    
  78.000000    	  79.000000    	  1887.9407    	  1057.8600    
  79.000000    	  80.000000    	  1769.0130    	  770.83987    
  80.000000    	  81.000000    	  478.71812    	  34.844212    
  81.000000    	  82.000000    	  500.89840    	  36.507176    
  82.000000    	  83.000000    	  399.04057    	  36.956862    
  83.000000    	  84.000000    	  449.32571    	  33.667436    
  84.000000    	  85.000000    	  419.12873    	  32.091522    
  85.000000    	  86.000000    	  410.15350    	  30.067852    
  86.000000    	  87.000000    	  358.15770    	  30.602598    
  87.000000    	  88.000000    	  391.42658    	  27.253541    
  88.000000    	  89.000000    	  351.51976    	  27.545712    
  89.000000    	  90.000000    	  328.74416    	  26.568220    
  90.000000    	  91.000000    	  334.78184    	  26.056571    
  91.000000    	  92.000000    	  299.85940    	  25.756746    
  92.000000    	  93.000000    	  308.99432    	  23.600553    
  93.000000    	  94.000000    	  300.42010    	  22.083046    
  94.000000    	  95.000000    	  288.15562    	  23.586641    
  95.000000    	  96.000000    	  256.82351    	  24.383467    
  96.000000    	  97.000000    	  262.93386    	  21.640908    
  97.000000    	  98.000000    	  255.28462    	  21.010324    
  98.000000    	  99.000000    	  258.06941    	  21.456589    
  99.000000    	  100.00000    	  227.07653    	  19.998297    
