# pt34_33   
# underflow	  0.0000000    	  0.0000000    
# overflow	  459.94793    	  14.237735    
# sum	  136685.74    	  8091.4387    
# xmin	xmax	cross	numerror
  0.0000000    	  1.0000000    	  194.02497    	  124.08112    
  1.0000000    	  2.0000000    	 -780.56000    	  2086.6059    
  2.0000000    	  3.0000000    	  11251.349    	  2221.9532    
  3.0000000    	  4.0000000    	  9592.0619    	  1971.9443    
  4.0000000    	  5.0000000    	  8875.9708    	  1813.4091    
  5.0000000    	  6.0000000    	  4644.5259    	  1243.6591    
  6.0000000    	  7.0000000    	  6716.6106    	  1600.7994    
  7.0000000    	  8.0000000    	  1305.8112    	  850.49926    
  8.0000000    	  9.0000000    	  4130.6451    	  1107.8869    
  9.0000000    	  10.000000    	  4295.2049    	  1063.5488    
  10.000000    	  11.000000    	  4242.2208    	  1122.9762    
  11.000000    	  12.000000    	  2318.6785    	  757.16855    
  12.000000    	  13.000000    	  2825.4449    	  879.08040    
  13.000000    	  14.000000    	  4117.0034    	  1155.2507    
  14.000000    	  15.000000    	  1566.8772    	  666.20957    
  15.000000    	  16.000000    	  2815.0969    	  830.70428    
  16.000000    	  17.000000    	  2116.6273    	  665.13334    
  17.000000    	  18.000000    	  2986.5686    	  947.15533    
  18.000000    	  19.000000    	  1356.2197    	  522.40921    
  19.000000    	  20.000000    	  1828.3791    	  504.90426    
  20.000000    	  21.000000    	  2346.2440    	  752.06899    
  21.000000    	  22.000000    	  1204.0554    	  494.14503    
  22.000000    	  23.000000    	  1012.9908    	  400.77642    
  23.000000    	  24.000000    	  1148.3336    	  459.87304    
  24.000000    	  25.000000    	  1231.8209    	  560.56790    
  25.000000    	  26.000000    	  2298.0151    	  957.63352    
  26.000000    	  27.000000    	  1287.3005    	  331.97350    
  27.000000    	  28.000000    	  919.69651    	  447.54397    
  28.000000    	  29.000000    	  1413.4498    	  358.38479    
  29.000000    	  30.000000    	  1653.3669    	  424.95249    
  30.000000    	  31.000000    	  719.31430    	  363.45097    
  31.000000    	  32.000000    	  1653.2390    	  498.85515    
  32.000000    	  33.000000    	  1078.1438    	  304.93160    
  33.000000    	  34.000000    	  680.75294    	  369.55571    
  34.000000    	  35.000000    	  1164.5493    	  375.07601    
  35.000000    	  36.000000    	  1270.9464    	  357.20771    
  36.000000    	  37.000000    	  1526.3085    	  673.39106    
  37.000000    	  38.000000    	  794.39669    	  358.32521    
  38.000000    	  39.000000    	  1017.7300    	  311.87443    
  39.000000    	  40.000000    	  1426.6003    	  577.28493    
  40.000000    	  41.000000    	  1573.0712    	  881.53301    
  41.000000    	  42.000000    	  761.34000    	  239.79587    
  42.000000    	  43.000000    	  748.84895    	  353.26462    
  43.000000    	  44.000000    	  709.08765    	  305.81316    
  44.000000    	  45.000000    	  759.69081    	  432.61344    
  45.000000    	  46.000000    	  938.99772    	  620.38863    
  46.000000    	  47.000000    	  2654.7283    	  2328.0213    
  47.000000    	  48.000000    	  1271.8799    	  848.80811    
  48.000000    	  49.000000    	  2360.2965    	  1354.6077    
  49.000000    	  50.000000    	  1297.1300    	  1035.5980    
  50.000000    	  51.000000    	  657.12588    	  300.04159    
  51.000000    	  52.000000    	  1611.4150    	  1008.1416    
  52.000000    	  53.000000    	  2458.1248    	  1474.6852    
  53.000000    	  54.000000    	  2435.9137    	  2266.6192    
  54.000000    	  55.000000    	  275.92429    	  277.85524    
  55.000000    	  56.000000    	  2077.4725    	  1890.8855    
  56.000000    	  57.000000    	  1110.8491    	  971.48349    
  57.000000    	  58.000000    	  175.40320    	  30.152517    
  58.000000    	  59.000000    	  710.73264    	  406.80148    
  59.000000    	  60.000000    	  1782.9820    	  1631.8922    
  60.000000    	  61.000000    	  427.40736    	  199.44666    
  61.000000    	  62.000000    	  1776.5713    	  1174.7580    
  62.000000    	  63.000000    	  152.78818    	  23.717037    
  63.000000    	  64.000000    	  120.96280    	  21.077428    
  64.000000    	  65.000000    	  437.00011    	  250.49636    
  65.000000    	  66.000000    	  308.78954    	  159.85592    
  66.000000    	  67.000000    	  619.98323    	  495.03735    
  67.000000    	  68.000000    	  236.80806    	  149.40390    
  68.000000    	  69.000000    	  1361.8913    	  1248.1136    
  69.000000    	  70.000000    	  104.36464    	  17.036290    
  70.000000    	  71.000000    	  107.84667    	  18.239673    
  71.000000    	  72.000000    	  341.28568    	  183.41697    
  72.000000    	  73.000000    	  103.38264    	  27.106931    
  73.000000    	  74.000000    	  104.04064    	  17.374816    
  74.000000    	  75.000000    	  270.79091    	  136.35135    
  75.000000    	  76.000000    	  85.886363    	  24.061450    
  76.000000    	  77.000000    	  102.17397    	  38.200857    
  77.000000    	  78.000000    	  99.196667    	  28.108878    
  78.000000    	  79.000000    	  151.82435    	  63.390070    
  79.000000    	  80.000000    	 -3.0624083    	  129.39187    
  80.000000    	  81.000000    	  48.142441    	  9.6343892    
  81.000000    	  82.000000    	  40.317940    	  9.3442861    
  82.000000    	  83.000000    	  48.250623    	  8.4181366    
  83.000000    	  84.000000    	  53.910474    	  7.6154094    
  84.000000    	  85.000000    	  50.717037    	  7.3148049    
  85.000000    	  86.000000    	  36.524123    	  6.7156327    
  86.000000    	  87.000000    	  38.216176    	  6.2120193    
  87.000000    	  88.000000    	  40.938047    	  6.7204088    
  88.000000    	  89.000000    	  31.962738    	  6.5077851    
  89.000000    	  90.000000    	  34.741803    	  6.2562725    
  90.000000    	  91.000000    	  38.193046    	  6.0142924    
  91.000000    	  92.000000    	  33.629556    	  6.0304053    
  92.000000    	  93.000000    	  29.289687    	  5.7404794    
  93.000000    	  94.000000    	  23.376666    	  5.4079508    
  94.000000    	  95.000000    	  21.416646    	  5.0428641    
  95.000000    	  96.000000    	  37.945907    	  4.8181701    
  96.000000    	  97.000000    	  26.254344    	  5.0027671    
  97.000000    	  98.000000    	  22.133198    	  4.7812172    
  98.000000    	  99.000000    	  19.202232    	  5.1313959    
  99.000000    	  100.00000    	  23.670551    	  4.5001022    
