# pt34_4    
# underflow	  0.0000000    	  0.0000000    
# overflow	  0.0000000    	  0.0000000    
# sum	 -887861.61    	  5224.7780    
# xmin	xmax	cross	numerror
  0.0000000    	  1.0000000    	  0.0000000    	  0.0000000    
  1.0000000    	  2.0000000    	 -47778.053    	  1132.4059    
  2.0000000    	  3.0000000    	 -88542.025    	  1549.9867    
  3.0000000    	  4.0000000    	 -79499.004    	  1508.4949    
  4.0000000    	  5.0000000    	 -66867.237    	  1399.9966    
  5.0000000    	  6.0000000    	 -57155.904    	  1306.0313    
  6.0000000    	  7.0000000    	 -48560.938    	  1211.1437    
  7.0000000    	  8.0000000    	 -42262.617    	  1133.6272    
  8.0000000    	  9.0000000    	 -36611.236    	  1059.9737    
  9.0000000    	  10.000000    	 -32402.254    	  999.19065    
  10.000000    	  11.000000    	 -29093.153    	  949.34796    
  11.000000    	  12.000000    	 -26094.753    	  902.68271    
  12.000000    	  13.000000    	 -23319.604    	  855.66577    
  13.000000    	  14.000000    	 -21192.311    	  817.37969    
  14.000000    	  15.000000    	 -19025.597    	  776.27818    
  15.000000    	  16.000000    	 -17701.475    	  750.06115    
  16.000000    	  17.000000    	 -15862.297    	  710.80364    
  17.000000    	  18.000000    	 -14583.489    	  683.39978    
  18.000000    	  19.000000    	 -13591.857    	  656.90518    
  19.000000    	  20.000000    	 -12944.993    	  646.12115    
  20.000000    	  21.000000    	 -11727.467    	  615.56977    
  21.000000    	  22.000000    	 -10793.319    	  591.43244    
  22.000000    	  23.000000    	 -10313.600    	  578.76664    
  23.000000    	  24.000000    	 -9422.6580    	  553.13368    
  24.000000    	  25.000000    	 -8651.6828    	  532.04775    
  25.000000    	  26.000000    	 -8504.0234    	  527.20487    
  26.000000    	  27.000000    	 -7211.1962    	  488.12335    
  27.000000    	  28.000000    	 -7431.2080    	  499.62140    
  28.000000    	  29.000000    	 -6878.0177    	  477.50453    
  29.000000    	  30.000000    	 -6372.2565    	  458.25492    
  30.000000    	  31.000000    	 -6035.6843    	  451.16725    
  31.000000    	  32.000000    	 -5781.2033    	  437.70493    
  32.000000    	  33.000000    	 -5548.5972    	  433.00860    
  33.000000    	  34.000000    	 -5145.4160    	  412.36126    
  34.000000    	  35.000000    	 -4712.2506    	  402.59592    
  35.000000    	  36.000000    	 -4615.5897    	  390.20402    
  36.000000    	  37.000000    	 -4039.8694    	  375.89913    
  37.000000    	  38.000000    	 -4439.2152    	  383.22694    
  38.000000    	  39.000000    	 -4101.4464    	  378.30807    
  39.000000    	  40.000000    	 -3290.1686    	  338.33853    
  40.000000    	  41.000000    	 -3469.6241    	  339.58059    
  41.000000    	  42.000000    	 -3117.8651    	  332.24460    
  42.000000    	  43.000000    	 -3371.0689    	  347.63188    
  43.000000    	  44.000000    	 -3030.9818    	  320.32637    
  44.000000    	  45.000000    	 -2691.8582    	  300.46707    
  45.000000    	  46.000000    	 -2973.3575    	  336.89416    
  46.000000    	  47.000000    	 -2557.0109    	  304.58058    
  47.000000    	  48.000000    	 -2302.1132    	  280.33680    
  48.000000    	  49.000000    	 -2467.9494    	  282.49036    
  49.000000    	  50.000000    	 -2212.7949    	  295.13986    
  50.000000    	  51.000000    	 -2422.7801    	  305.93589    
  51.000000    	  52.000000    	 -1844.6513    	  260.25292    
  52.000000    	  53.000000    	 -1861.5159    	  250.56527    
  53.000000    	  54.000000    	 -1558.0141    	  227.42349    
  54.000000    	  55.000000    	 -1827.5971    	  245.53457    
  55.000000    	  56.000000    	 -1509.6162    	  257.31199    
  56.000000    	  57.000000    	 -1429.0120    	  247.31274    
  57.000000    	  58.000000    	 -1574.4607    	  250.57262    
  58.000000    	  59.000000    	 -1377.5380    	  226.58438    
  59.000000    	  60.000000    	 -1340.9764    	  216.33465    
  60.000000    	  61.000000    	 -1155.7225    	  195.46732    
  61.000000    	  62.000000    	 -1154.0796    	  193.85093    
  62.000000    	  63.000000    	 -903.51577    	  166.30506    
  63.000000    	  64.000000    	 -1291.3489    	  262.24895    
  64.000000    	  65.000000    	 -1076.7547    	  268.15944    
  65.000000    	  66.000000    	  9.4539065    	  50.956528    
  66.000000    	  67.000000    	 -1117.0624    	  232.65128    
  67.000000    	  68.000000    	 -1102.2521    	  239.19178    
  68.000000    	  69.000000    	 -953.60247    	  223.51327    
  69.000000    	  70.000000    	 -589.58640    	  168.12671    
  70.000000    	  71.000000    	 -745.12583    	  165.36521    
  71.000000    	  72.000000    	 -894.31432    	  195.74555    
  72.000000    	  73.000000    	 -535.19138    	  131.57499    
  73.000000    	  74.000000    	 -534.20178    	  137.41447    
  74.000000    	  75.000000    	 -587.23077    	  132.32449    
  75.000000    	  76.000000    	 -455.68660    	  110.10204    
  76.000000    	  77.000000    	 -470.04357    	  107.78449    
  77.000000    	  78.000000    	 -408.21562    	  107.77010    
  78.000000    	  79.000000    	 -543.94650    	  114.51240    
  79.000000    	  80.000000    	 -308.73679    	  80.065716    
  80.000000    	  81.000000    	  0.0000000    	  0.0000000    
  81.000000    	  82.000000    	  0.0000000    	  0.0000000    
  82.000000    	  83.000000    	  0.0000000    	  0.0000000    
  83.000000    	  84.000000    	  0.0000000    	  0.0000000    
  84.000000    	  85.000000    	  0.0000000    	  0.0000000    
  85.000000    	  86.000000    	  0.0000000    	  0.0000000    
  86.000000    	  87.000000    	  0.0000000    	  0.0000000    
  87.000000    	  88.000000    	  0.0000000    	  0.0000000    
  88.000000    	  89.000000    	  0.0000000    	  0.0000000    
  89.000000    	  90.000000    	  0.0000000    	  0.0000000    
  90.000000    	  91.000000    	  0.0000000    	  0.0000000    
  91.000000    	  92.000000    	  0.0000000    	  0.0000000    
  92.000000    	  93.000000    	  0.0000000    	  0.0000000    
  93.000000    	  94.000000    	  0.0000000    	  0.0000000    
  94.000000    	  95.000000    	  0.0000000    	  0.0000000    
  95.000000    	  96.000000    	  0.0000000    	  0.0000000    
  96.000000    	  97.000000    	  0.0000000    	  0.0000000    
  97.000000    	  98.000000    	  0.0000000    	  0.0000000    
  98.000000    	  99.000000    	  0.0000000    	  0.0000000    
  99.000000    	  100.00000    	  0.0000000    	  0.0000000    
