# pt34_12   
# underflow	  0.0000000    	  0.0000000    
# overflow	  0.0000000    	  0.0000000    
# sum	 -668170.92    	  4616.8772    
# xmin	xmax	cross	numerror
  0.0000000    	  1.0000000    	  0.0000000    	  0.0000000    
  1.0000000    	  2.0000000    	 -61300.298    	  1384.7850    
  2.0000000    	  3.0000000    	 -76804.860    	  1581.2281    
  3.0000000    	  4.0000000    	 -64795.003    	  1452.3517    
  4.0000000    	  5.0000000    	 -53078.801    	  1310.7860    
  5.0000000    	  6.0000000    	 -43825.745    	  1191.4742    
  6.0000000    	  7.0000000    	 -37146.449    	  1094.5130    
  7.0000000    	  8.0000000    	 -32019.847    	  1019.9345    
  8.0000000    	  9.0000000    	 -27942.141    	  950.01963    
  9.0000000    	  10.000000    	 -24307.998    	  887.34287    
  10.000000    	  11.000000    	 -21417.225    	  827.80192    
  11.000000    	  12.000000    	 -19029.141    	  780.94646    
  12.000000    	  13.000000    	 -17227.267    	  750.08465    
  13.000000    	  14.000000    	 -15050.742    	  690.38630    
  14.000000    	  15.000000    	 -13397.368    	  656.49058    
  15.000000    	  16.000000    	 -12318.535    	  625.40728    
  16.000000    	  17.000000    	 -11728.528    	  616.98779    
  17.000000    	  18.000000    	 -10116.493    	  564.22667    
  18.000000    	  19.000000    	 -9225.4516    	  542.10776    
  19.000000    	  20.000000    	 -8699.4591    	  526.46160    
  20.000000    	  21.000000    	 -7982.9233    	  502.15010    
  21.000000    	  22.000000    	 -7182.5913    	  476.40312    
  22.000000    	  23.000000    	 -6961.8346    	  472.86449    
  23.000000    	  24.000000    	 -6341.4852    	  448.76219    
  24.000000    	  25.000000    	 -5461.8462    	  404.64221    
  25.000000    	  26.000000    	 -4856.9169    	  377.91935    
  26.000000    	  27.000000    	 -4990.1377    	  389.84568    
  27.000000    	  28.000000    	 -4190.5621    	  347.34081    
  28.000000    	  29.000000    	 -3899.8205    	  335.59403    
  29.000000    	  30.000000    	 -3975.5362    	  348.90410    
  30.000000    	  31.000000    	 -3948.2794    	  357.96634    
  31.000000    	  32.000000    	 -3538.0896    	  326.39212    
  32.000000    	  33.000000    	 -3179.8834    	  301.56849    
  33.000000    	  34.000000    	 -3197.7606    	  312.40246    
  34.000000    	  35.000000    	 -2958.6768    	  296.37715    
  35.000000    	  36.000000    	 -2610.7328    	  274.86586    
  36.000000    	  37.000000    	 -2386.8307    	  270.88857    
  37.000000    	  38.000000    	 -2205.9645    	  256.80185    
  38.000000    	  39.000000    	 -2277.9866    	  263.76118    
  39.000000    	  40.000000    	 -2140.6874    	  257.52621    
  40.000000    	  41.000000    	 -1691.7101    	  206.25134    
  41.000000    	  42.000000    	 -1887.5391    	  246.51081    
  42.000000    	  43.000000    	 -1660.8036    	  227.83085    
  43.000000    	  44.000000    	 -1803.5095    	  231.58910    
  44.000000    	  45.000000    	 -1159.1759    	  171.18669    
  45.000000    	  46.000000    	 -1472.5589    	  227.94227    
  46.000000    	  47.000000    	 -1302.5374    	  204.08645    
  47.000000    	  48.000000    	 -762.22422    	  133.87971    
  48.000000    	  49.000000    	 -967.31188    	  154.02510    
  49.000000    	  50.000000    	 -1067.6735    	  184.08213    
  50.000000    	  51.000000    	 -968.96288    	  175.51258    
  51.000000    	  52.000000    	 -979.14167    	  178.94121    
  52.000000    	  53.000000    	 -759.76368    	  145.99734    
  53.000000    	  54.000000    	 -880.82389    	  156.40450    
  54.000000    	  55.000000    	 -703.65119    	  149.69708    
  55.000000    	  56.000000    	 -481.17777    	  122.57077    
  56.000000    	  57.000000    	 -435.93218    	  111.10968    
  57.000000    	  58.000000    	 -334.51945    	  103.60938    
  58.000000    	  59.000000    	 -622.45798    	  130.62143    
  59.000000    	  60.000000    	 -323.44852    	  89.188665    
  60.000000    	  61.000000    	 -395.11985    	  99.043232    
  61.000000    	  62.000000    	 -525.65362    	  118.05134    
  62.000000    	  63.000000    	 -604.55763    	  129.36689    
  63.000000    	  64.000000    	 -358.67511    	  102.12945    
  64.000000    	  65.000000    	 -237.36813    	  98.923357    
  65.000000    	  66.000000    	 -294.59426    	  113.51794    
  66.000000    	  67.000000    	 -286.23238    	  111.52274    
  67.000000    	  68.000000    	 -208.80597    	  76.972886    
  68.000000    	  69.000000    	 -127.19450    	  69.338503    
  69.000000    	  70.000000    	 -164.46988    	  56.914325    
  70.000000    	  71.000000    	 -172.67890    	  54.311677    
  71.000000    	  72.000000    	 -192.00403    	  58.108895    
  72.000000    	  73.000000    	 -190.21637    	  60.330751    
  73.000000    	  74.000000    	 -94.955039    	  36.093224    
  74.000000    	  75.000000    	 -103.54683    	  37.736602    
  75.000000    	  76.000000    	 -73.432144    	  30.251564    
  76.000000    	  77.000000    	 -101.95247    	  33.675815    
  77.000000    	  78.000000    	 -15.741336    	  8.6447972    
  78.000000    	  79.000000    	 -32.934557    	  10.831268    
  79.000000    	  80.000000    	 -5.9672388    	  3.7003405    
  80.000000    	  81.000000    	  0.0000000    	  0.0000000    
  81.000000    	  82.000000    	  0.0000000    	  0.0000000    
  82.000000    	  83.000000    	  0.0000000    	  0.0000000    
  83.000000    	  84.000000    	  0.0000000    	  0.0000000    
  84.000000    	  85.000000    	  0.0000000    	  0.0000000    
  85.000000    	  86.000000    	  0.0000000    	  0.0000000    
  86.000000    	  87.000000    	  0.0000000    	  0.0000000    
  87.000000    	  88.000000    	  0.0000000    	  0.0000000    
  88.000000    	  89.000000    	  0.0000000    	  0.0000000    
  89.000000    	  90.000000    	  0.0000000    	  0.0000000    
  90.000000    	  91.000000    	  0.0000000    	  0.0000000    
  91.000000    	  92.000000    	  0.0000000    	  0.0000000    
  92.000000    	  93.000000    	  0.0000000    	  0.0000000    
  93.000000    	  94.000000    	  0.0000000    	  0.0000000    
  94.000000    	  95.000000    	  0.0000000    	  0.0000000    
  95.000000    	  96.000000    	  0.0000000    	  0.0000000    
  96.000000    	  97.000000    	  0.0000000    	  0.0000000    
  97.000000    	  98.000000    	  0.0000000    	  0.0000000    
  98.000000    	  99.000000    	  0.0000000    	  0.0000000    
  99.000000    	  100.00000    	  0.0000000    	  0.0000000    
