# pt34_5    
# underflow	  0.0000000    	  0.0000000    
# overflow	  10185.047    	  109.75770    
# sum	  728244.50    	  17366.127    
# xmin	xmax	cross	numerror
  0.0000000    	  1.0000000    	  4606.3525    	  905.81611    
  1.0000000    	  2.0000000    	  20316.854    	  3546.8888    
  2.0000000    	  3.0000000    	  26387.128    	  3281.0242    
  3.0000000    	  4.0000000    	  32712.063    	  3247.0000    
  4.0000000    	  5.0000000    	  32483.046    	  3174.6676    
  5.0000000    	  6.0000000    	  34781.882    	  3056.4656    
  6.0000000    	  7.0000000    	  27521.111    	  2975.6917    
  7.0000000    	  8.0000000    	  28318.788    	  2861.6699    
  8.0000000    	  9.0000000    	  28443.066    	  2808.8264    
  9.0000000    	  10.000000    	  25316.790    	  2743.4221    
  10.000000    	  11.000000    	  20516.580    	  2424.6694    
  11.000000    	  12.000000    	  22386.749    	  2546.8003    
  12.000000    	  13.000000    	  18665.494    	  2327.8239    
  13.000000    	  14.000000    	  18974.542    	  2258.4868    
  14.000000    	  15.000000    	  14478.977    	  2110.5738    
  15.000000    	  16.000000    	  16334.490    	  2168.4796    
  16.000000    	  17.000000    	  14419.268    	  2068.0551    
  17.000000    	  18.000000    	  12424.106    	  1897.6802    
  18.000000    	  19.000000    	  13910.552    	  1975.9000    
  19.000000    	  20.000000    	  10525.516    	  1774.2525    
  20.000000    	  21.000000    	  10924.156    	  1782.7607    
  21.000000    	  22.000000    	  8831.1032    	  1620.1789    
  22.000000    	  23.000000    	  8090.6959    	  1556.6786    
  23.000000    	  24.000000    	  9164.6165    	  1675.3393    
  24.000000    	  25.000000    	  6768.5501    	  1438.0357    
  25.000000    	  26.000000    	  6277.3706    	  1475.4248    
  26.000000    	  27.000000    	  7096.6723    	  1428.7655    
  27.000000    	  28.000000    	  7731.1356    	  1727.3131    
  28.000000    	  29.000000    	  7130.0106    	  1427.0774    
  29.000000    	  30.000000    	  7664.5004    	  1499.4099    
  30.000000    	  31.000000    	  4852.2072    	  1276.2625    
  31.000000    	  32.000000    	  5066.8254    	  1277.6550    
  32.000000    	  33.000000    	  5066.5803    	  1235.6225    
  33.000000    	  34.000000    	  5342.0980    	  1284.3420    
  34.000000    	  35.000000    	  5615.1353    	  1488.3387    
  35.000000    	  36.000000    	  4970.5547    	  1219.9364    
  36.000000    	  37.000000    	  5820.3902    	  1500.4634    
  37.000000    	  38.000000    	  2980.9021    	  1066.3672    
  38.000000    	  39.000000    	  3218.4463    	  1084.2806    
  39.000000    	  40.000000    	  4057.4375    	  1111.7509    
  40.000000    	  41.000000    	  3333.2819    	  1029.2021    
  41.000000    	  42.000000    	  4347.8269    	  1190.1643    
  42.000000    	  43.000000    	  4681.6167    	  1257.5990    
  43.000000    	  44.000000    	  3827.5759    	  1202.7442    
  44.000000    	  45.000000    	  3086.0608    	  1085.7421    
  45.000000    	  46.000000    	  4468.1269    	  1176.1263    
  46.000000    	  47.000000    	  4527.0881    	  1333.0681    
  47.000000    	  48.000000    	  3834.1220    	  1023.6483    
  48.000000    	  49.000000    	  3381.3664    	  1293.2136    
  49.000000    	  50.000000    	  3219.8164    	  1261.8977    
  50.000000    	  51.000000    	  4896.0460    	  1515.0912    
  51.000000    	  52.000000    	  2964.9164    	  1362.6333    
  52.000000    	  53.000000    	  5147.7012    	  1803.7632    
  53.000000    	  54.000000    	  4613.7874    	  1445.5973    
  54.000000    	  55.000000    	  5903.5617    	  1952.8123    
  55.000000    	  56.000000    	  4652.0920    	  1601.7022    
  56.000000    	  57.000000    	  3418.0865    	  1313.1568    
  57.000000    	  58.000000    	  4546.5619    	  1634.8130    
  58.000000    	  59.000000    	  4253.1513    	  1788.5433    
  59.000000    	  60.000000    	  6759.5148    	  2495.0707    
  60.000000    	  61.000000    	  5527.4042    	  2669.8590    
  61.000000    	  62.000000    	  4408.7786    	  2362.0327    
  62.000000    	  63.000000    	  3639.7043    	  1896.2051    
  63.000000    	  64.000000    	  4871.8084    	  1734.2432    
  64.000000    	  65.000000    	  4405.7148    	  2022.7928    
  65.000000    	  66.000000    	  3863.7875    	  1629.4858    
  66.000000    	  67.000000    	  2726.3678    	  1868.6706    
  67.000000    	  68.000000    	  2405.6232    	  1092.6362    
  68.000000    	  69.000000    	  2212.8127    	  963.16219    
  69.000000    	  70.000000    	  4412.4364    	  2169.3454    
  70.000000    	  71.000000    	  3447.5032    	  1333.1399    
  71.000000    	  72.000000    	  7036.3512    	  3192.5786    
  72.000000    	  73.000000    	  4333.0672    	  1840.0331    
  73.000000    	  74.000000    	  4071.1781    	  1708.3025    
  74.000000    	  75.000000    	  2772.5441    	  2929.1561    
  75.000000    	  76.000000    	  2484.0857    	  1524.8113    
  76.000000    	  77.000000    	  3636.3200    	  2088.4559    
  77.000000    	  78.000000    	  3002.7829    	  2414.2811    
  78.000000    	  79.000000    	  2450.7904    	  2129.7494    
  79.000000    	  80.000000    	  2042.8607    	  1823.0881    
  80.000000    	  81.000000    	  584.33625    	  44.388792    
  81.000000    	  82.000000    	  591.44893    	  44.243246    
  82.000000    	  83.000000    	  487.68595    	  41.793813    
  83.000000    	  84.000000    	  513.83406    	  36.411038    
  84.000000    	  85.000000    	  492.30802    	  35.900594    
  85.000000    	  86.000000    	  442.43874    	  37.774069    
  86.000000    	  87.000000    	  470.40387    	  36.203722    
  87.000000    	  88.000000    	  436.32153    	  35.415912    
  88.000000    	  89.000000    	  430.23642    	  35.710997    
  89.000000    	  90.000000    	  410.28025    	  33.330036    
  90.000000    	  91.000000    	  342.18452    	  32.677245    
  91.000000    	  92.000000    	  369.51498    	  29.652508    
  92.000000    	  93.000000    	  386.46689    	  32.311472    
  93.000000    	  94.000000    	  332.66077    	  31.531976    
  94.000000    	  95.000000    	  417.60448    	  27.750570    
  95.000000    	  96.000000    	  353.19447    	  26.574339    
  96.000000    	  97.000000    	  316.89837    	  27.528736    
  97.000000    	  98.000000    	  299.40127    	  25.903291    
  98.000000    	  99.000000    	  262.09615    	  28.134369    
  99.000000    	  100.00000    	  313.17044    	  27.827159    
