# pt34_7    
# underflow	  0.0000000    	  0.0000000    
# overflow	  0.0000000    	  0.0000000    
# sum	 -851631.92    	  5140.3205    
# xmin	xmax	cross	numerror
  0.0000000    	  1.0000000    	  0.0000000    	  0.0000000    
  1.0000000    	  2.0000000    	 -53970.519    	  1188.5620    
  2.0000000    	  3.0000000    	 -88974.542    	  1594.8776    
  3.0000000    	  4.0000000    	 -77912.099    	  1521.8021    
  4.0000000    	  5.0000000    	 -65981.054    	  1413.1303    
  5.0000000    	  6.0000000    	 -55521.477    	  1305.8304    
  6.0000000    	  7.0000000    	 -47372.654    	  1209.6454    
  7.0000000    	  8.0000000    	 -41024.189    	  1128.7534    
  8.0000000    	  9.0000000    	 -35370.205    	  1051.8747    
  9.0000000    	  10.000000    	 -31356.842    	  992.22875    
  10.000000    	  11.000000    	 -27570.228    	  930.18850    
  11.000000    	  12.000000    	 -25251.186    	  895.10899    
  12.000000    	  13.000000    	 -22375.024    	  843.38058    
  13.000000    	  14.000000    	 -20304.015    	  805.18649    
  14.000000    	  15.000000    	 -18165.848    	  761.36064    
  15.000000    	  16.000000    	 -16369.812    	  724.05159    
  16.000000    	  17.000000    	 -15437.408    	  703.24812    
  17.000000    	  18.000000    	 -13849.033    	  670.26713    
  18.000000    	  19.000000    	 -13272.284    	  651.18673    
  19.000000    	  20.000000    	 -11809.064    	  619.16543    
  20.000000    	  21.000000    	 -11042.356    	  599.21090    
  21.000000    	  22.000000    	 -10131.783    	  573.31634    
  22.000000    	  23.000000    	 -9214.7954    	  548.00920    
  23.000000    	  24.000000    	 -8496.6048    	  525.78338    
  24.000000    	  25.000000    	 -8283.9828    	  520.32895    
  25.000000    	  26.000000    	 -7819.5968    	  505.70555    
  26.000000    	  27.000000    	 -7098.4895    	  480.86548    
  27.000000    	  28.000000    	 -6568.6304    	  467.49504    
  28.000000    	  29.000000    	 -6247.9730    	  454.13026    
  29.000000    	  30.000000    	 -5716.8331    	  431.52589    
  30.000000    	  31.000000    	 -5748.9061    	  438.45591    
  31.000000    	  32.000000    	 -5019.1677    	  405.22545    
  32.000000    	  33.000000    	 -4403.6570    	  383.05204    
  33.000000    	  34.000000    	 -4388.5904    	  379.31649    
  34.000000    	  35.000000    	 -4481.0730    	  389.79616    
  35.000000    	  36.000000    	 -4040.6787    	  363.43487    
  36.000000    	  37.000000    	 -4005.7134    	  371.69570    
  37.000000    	  38.000000    	 -3740.0399    	  350.74323    
  38.000000    	  39.000000    	 -3587.1308    	  351.06277    
  39.000000    	  40.000000    	 -3069.0609    	  323.86437    
  40.000000    	  41.000000    	 -2908.0313    	  306.79406    
  41.000000    	  42.000000    	 -3071.4913    	  328.28895    
  42.000000    	  43.000000    	 -2752.2510    	  312.90130    
  43.000000    	  44.000000    	 -2690.1268    	  295.25202    
  44.000000    	  45.000000    	 -2293.1551    	  275.95390    
  45.000000    	  46.000000    	 -2416.3207    	  296.47910    
  46.000000    	  47.000000    	 -1876.7267    	  253.61073    
  47.000000    	  48.000000    	 -2062.5643    	  259.01510    
  48.000000    	  49.000000    	 -1913.9000    	  243.94197    
  49.000000    	  50.000000    	 -1988.3401    	  273.90480    
  50.000000    	  51.000000    	 -1843.9442    	  259.15367    
  51.000000    	  52.000000    	 -1556.9650    	  233.94938    
  52.000000    	  53.000000    	 -1196.5326    	  195.66449    
  53.000000    	  54.000000    	 -1458.8633    	  214.23619    
  54.000000    	  55.000000    	 -1129.2364    	  190.92257    
  55.000000    	  56.000000    	 -1157.7860    	  219.39772    
  56.000000    	  57.000000    	 -977.06679    	  193.25252    
  57.000000    	  58.000000    	 -941.10272    	  185.39977    
  58.000000    	  59.000000    	 -1105.3398    	  196.30483    
  59.000000    	  60.000000    	 -831.89460    	  166.21940    
  60.000000    	  61.000000    	 -1014.4087    	  198.26535    
  61.000000    	  62.000000    	 -799.73572    	  152.11168    
  62.000000    	  63.000000    	 -715.18227    	  144.29344    
  63.000000    	  64.000000    	 -671.50998    	  181.08575    
  64.000000    	  65.000000    	 -877.18466    	  251.62509    
  65.000000    	  66.000000    	 -653.53832    	  180.47691    
  66.000000    	  67.000000    	 -583.38005    	  165.04234    
  67.000000    	  68.000000    	 -881.97854    	  227.56240    
  68.000000    	  69.000000    	 -610.27425    	  181.79746    
  69.000000    	  70.000000    	 -554.94744    	  157.61439    
  70.000000    	  71.000000    	 -588.98630    	  157.92149    
  71.000000    	  72.000000    	 -479.90679    	  121.17120    
  72.000000    	  73.000000    	 -219.83535    	  85.888080    
  73.000000    	  74.000000    	 -298.89231    	  94.364783    
  74.000000    	  75.000000    	 -342.67948    	  93.418798    
  75.000000    	  76.000000    	 -350.92460    	  99.509246    
  76.000000    	  77.000000    	 -252.34534    	  71.258369    
  77.000000    	  78.000000    	 -324.59960    	  87.561544    
  78.000000    	  79.000000    	 -23.847254    	  14.609258    
  79.000000    	  80.000000    	 -223.58058    	  59.720700    
  80.000000    	  81.000000    	  0.0000000    	  0.0000000    
  81.000000    	  82.000000    	  0.0000000    	  0.0000000    
  82.000000    	  83.000000    	  0.0000000    	  0.0000000    
  83.000000    	  84.000000    	  0.0000000    	  0.0000000    
  84.000000    	  85.000000    	  0.0000000    	  0.0000000    
  85.000000    	  86.000000    	  0.0000000    	  0.0000000    
  86.000000    	  87.000000    	  0.0000000    	  0.0000000    
  87.000000    	  88.000000    	  0.0000000    	  0.0000000    
  88.000000    	  89.000000    	  0.0000000    	  0.0000000    
  89.000000    	  90.000000    	  0.0000000    	  0.0000000    
  90.000000    	  91.000000    	  0.0000000    	  0.0000000    
  91.000000    	  92.000000    	  0.0000000    	  0.0000000    
  92.000000    	  93.000000    	  0.0000000    	  0.0000000    
  93.000000    	  94.000000    	  0.0000000    	  0.0000000    
  94.000000    	  95.000000    	  0.0000000    	  0.0000000    
  95.000000    	  96.000000    	  0.0000000    	  0.0000000    
  96.000000    	  97.000000    	  0.0000000    	  0.0000000    
  97.000000    	  98.000000    	  0.0000000    	  0.0000000    
  98.000000    	  99.000000    	  0.0000000    	  0.0000000    
  99.000000    	  100.00000    	  0.0000000    	  0.0000000    
