# pt34_15   
# underflow	  0.0000000    	  0.0000000    
# overflow	  1803.6619    	  33.077460    
# sum	  359626.06    	  11760.104    
# xmin	xmax	cross	numerror
  0.0000000    	  1.0000000    	  2654.9619    	  683.88267    
  1.0000000    	  2.0000000    	  15645.729    	  4144.0489    
  2.0000000    	  3.0000000    	  22809.924    	  3254.7302    
  3.0000000    	  4.0000000    	  24093.200    	  3111.3454    
  4.0000000    	  5.0000000    	  20225.231    	  2748.8880    
  5.0000000    	  6.0000000    	  17976.155    	  2383.4462    
  6.0000000    	  7.0000000    	  19658.641    	  2580.7700    
  7.0000000    	  8.0000000    	  17157.525    	  2361.4837    
  8.0000000    	  9.0000000    	  14597.818    	  2218.4646    
  9.0000000    	  10.000000    	  15847.400    	  2205.8465    
  10.000000    	  11.000000    	  11909.571    	  1905.8256    
  11.000000    	  12.000000    	  11834.256    	  1921.1156    
  12.000000    	  13.000000    	  9014.4147    	  1739.8735    
  13.000000    	  14.000000    	  9973.6574    	  1719.0765    
  14.000000    	  15.000000    	  7417.2161    	  1364.7713    
  15.000000    	  16.000000    	  7249.0272    	  1252.0862    
  16.000000    	  17.000000    	  5614.3514    	  1180.9402    
  17.000000    	  18.000000    	  7756.4545    	  1417.0017    
  18.000000    	  19.000000    	  3946.2033    	  1124.6258    
  19.000000    	  20.000000    	  5279.2860    	  1078.3827    
  20.000000    	  21.000000    	  3239.5757    	  875.24539    
  21.000000    	  22.000000    	  3635.5958    	  864.69551    
  22.000000    	  23.000000    	  3421.1212    	  815.69118    
  23.000000    	  24.000000    	  4294.1744    	  1087.2435    
  24.000000    	  25.000000    	  3975.8070    	  875.49039    
  25.000000    	  26.000000    	  2315.5657    	  744.67629    
  26.000000    	  27.000000    	  1569.7402    	  531.43532    
  27.000000    	  28.000000    	  2200.4191    	  735.89935    
  28.000000    	  29.000000    	  2023.3757    	  569.74635    
  29.000000    	  30.000000    	  1892.7903    	  599.95950    
  30.000000    	  31.000000    	  3459.0364    	  1081.5572    
  31.000000    	  32.000000    	  2534.7723    	  700.26059    
  32.000000    	  33.000000    	  2151.4091    	  576.15551    
  33.000000    	  34.000000    	  3073.4926    	  966.48558    
  34.000000    	  35.000000    	  1246.9895    	  488.33211    
  35.000000    	  36.000000    	  2424.7712    	  775.34345    
  36.000000    	  37.000000    	  1600.9142    	  465.90127    
  37.000000    	  38.000000    	  1415.1818    	  551.60127    
  38.000000    	  39.000000    	  1460.1036    	  503.72399    
  39.000000    	  40.000000    	  2280.2320    	  452.76054    
  40.000000    	  41.000000    	  1915.8549    	  739.87666    
  41.000000    	  42.000000    	  1065.3812    	  332.22537    
  42.000000    	  43.000000    	  1648.6978    	  762.49275    
  43.000000    	  44.000000    	  1674.4626    	  453.03517    
  44.000000    	  45.000000    	  2461.4977    	  637.56731    
  45.000000    	  46.000000    	  4154.4564    	  1637.9909    
  46.000000    	  47.000000    	  1369.8456    	  485.04066    
  47.000000    	  48.000000    	  1251.7413    	  345.27078    
  48.000000    	  49.000000    	  1246.7578    	  404.90631    
  49.000000    	  50.000000    	  1402.0169    	  418.08727    
  50.000000    	  51.000000    	  2270.3384    	  690.53811    
  51.000000    	  52.000000    	  2855.7330    	  1313.7545    
  52.000000    	  53.000000    	  986.25389    	  371.91441    
  53.000000    	  54.000000    	  4481.2592    	  2911.4441    
  54.000000    	  55.000000    	  2633.2630    	  1058.6758    
  55.000000    	  56.000000    	  1235.0754    	  311.92052    
  56.000000    	  57.000000    	  4971.0865    	  2293.5518    
  57.000000    	  58.000000    	  668.61062    	  211.16385    
  58.000000    	  59.000000    	  1773.3873    	  796.80341    
  59.000000    	  60.000000    	  897.84072    	  374.94360    
  60.000000    	  61.000000    	  1020.4929    	  402.58171    
  61.000000    	  62.000000    	  742.63271    	  240.96668    
  62.000000    	  63.000000    	  1180.7204    	  547.11788    
  63.000000    	  64.000000    	  2273.2633    	  1382.3136    
  64.000000    	  65.000000    	  920.85126    	  418.20724    
  65.000000    	  66.000000    	  1227.1943    	  931.64670    
  66.000000    	  67.000000    	  1490.9152    	  813.01455    
  67.000000    	  68.000000    	  1366.6604    	  613.80573    
  68.000000    	  69.000000    	  278.65935    	  32.052886    
  69.000000    	  70.000000    	  366.39156    	  153.38618    
  70.000000    	  71.000000    	  1083.8166    	  460.25877    
  71.000000    	  72.000000    	  307.49029    	  30.787426    
  72.000000    	  73.000000    	  605.71858    	  334.92178    
  73.000000    	  74.000000    	  216.38530    	  25.715696    
  74.000000    	  75.000000    	  299.98770    	  71.105744    
  75.000000    	  76.000000    	  993.78578    	  752.15225    
  76.000000    	  77.000000    	 -1445.6259    	  1679.3429    
  77.000000    	  78.000000    	  309.07222    	  46.821668    
  78.000000    	  79.000000    	  133.62089    	  113.48031    
  79.000000    	  80.000000    	  164.84147    	  73.434403    
  80.000000    	  81.000000    	  158.92064    	  23.227237    
  81.000000    	  82.000000    	  211.92762    	  19.623329    
  82.000000    	  83.000000    	  163.59815    	  17.947558    
  83.000000    	  84.000000    	  171.22103    	  20.220152    
  84.000000    	  85.000000    	  123.48670    	  19.211693    
  85.000000    	  86.000000    	  154.78924    	  16.955946    
  86.000000    	  87.000000    	  136.69095    	  16.081226    
  87.000000    	  88.000000    	  141.45913    	  14.497077    
  88.000000    	  89.000000    	  140.99490    	  15.476580    
  89.000000    	  90.000000    	  99.531026    	  14.543367    
  90.000000    	  91.000000    	  99.378234    	  12.786924    
  91.000000    	  92.000000    	  113.82121    	  12.421073    
  92.000000    	  93.000000    	  82.212186    	  12.428859    
  93.000000    	  94.000000    	  137.53437    	  13.080165    
  94.000000    	  95.000000    	  82.828345    	  13.879469    
  95.000000    	  96.000000    	  83.017964    	  12.268997    
  96.000000    	  97.000000    	  85.237398    	  10.339038    
  97.000000    	  98.000000    	  104.59384    	  10.636499    
  98.000000    	  99.000000    	  67.295210    	  10.908144    
  99.000000    	  100.00000    	  87.337986    	  10.042182    
