# pt34_27   
# underflow	  0.0000000    	  0.0000000    
# overflow	  3644.7241    	  67.443759    
# sum	  804041.07    	  11986.807    
# xmin	xmax	cross	numerror
  0.0000000    	  1.0000000    	  604.04470    	  266.94868    
  1.0000000    	  2.0000000    	  93758.015    	  2493.6837    
  2.0000000    	  3.0000000    	  79334.054    	  2155.3885    
  3.0000000    	  4.0000000    	  63916.328    	  2039.3193    
  4.0000000    	  5.0000000    	  52119.264    	  1989.4140    
  5.0000000    	  6.0000000    	  44172.363    	  1954.8944    
  6.0000000    	  7.0000000    	  36819.290    	  1807.9789    
  7.0000000    	  8.0000000    	  32364.168    	  1805.0552    
  8.0000000    	  9.0000000    	  28728.479    	  1788.5502    
  9.0000000    	  10.000000    	  24267.769    	  1601.4672    
  10.000000    	  11.000000    	  20431.926    	  1414.4933    
  11.000000    	  12.000000    	  20349.024    	  1549.2602    
  12.000000    	  13.000000    	  17354.893    	  1381.6579    
  13.000000    	  14.000000    	  14622.821    	  1206.2702    
  14.000000    	  15.000000    	  14348.870    	  1188.4328    
  15.000000    	  16.000000    	  11323.335    	  1075.1484    
  16.000000    	  17.000000    	  11870.897    	  1143.2887    
  17.000000    	  18.000000    	  10970.860    	  1175.1319    
  18.000000    	  19.000000    	  10126.579    	  1131.4529    
  19.000000    	  20.000000    	  8327.7359    	  943.57896    
  20.000000    	  21.000000    	  9185.5413    	  1066.1201    
  21.000000    	  22.000000    	  8318.8895    	  1119.0939    
  22.000000    	  23.000000    	  7546.7974    	  929.08939    
  23.000000    	  24.000000    	  6731.2570    	  930.96575    
  24.000000    	  25.000000    	  7105.3362    	  1011.7679    
  25.000000    	  26.000000    	  5915.1005    	  840.11357    
  26.000000    	  27.000000    	  6151.0597    	  899.00644    
  27.000000    	  28.000000    	  5548.0553    	  867.36354    
  28.000000    	  29.000000    	  5698.2054    	  964.35592    
  29.000000    	  30.000000    	  5382.6284    	  1050.8269    
  30.000000    	  31.000000    	  4019.3355    	  698.72310    
  31.000000    	  32.000000    	  4329.3609    	  713.88802    
  32.000000    	  33.000000    	  3728.7645    	  698.68087    
  33.000000    	  34.000000    	  4241.1374    	  804.63213    
  34.000000    	  35.000000    	  4410.7389    	  1067.9142    
  35.000000    	  36.000000    	  3654.2825    	  720.16006    
  36.000000    	  37.000000    	  3541.2428    	  935.52097    
  37.000000    	  38.000000    	  5273.1301    	  1433.6646    
  38.000000    	  39.000000    	  4451.4384    	  1251.7235    
  39.000000    	  40.000000    	  2754.4720    	  760.78237    
  40.000000    	  41.000000    	  3357.8017    	  723.54934    
  41.000000    	  42.000000    	  3013.8789    	  983.64811    
  42.000000    	  43.000000    	  3565.5667    	  974.28504    
  43.000000    	  44.000000    	  3204.2286    	  969.12204    
  44.000000    	  45.000000    	  4196.6222    	  1465.8195    
  45.000000    	  46.000000    	  3361.8660    	  1244.2092    
  46.000000    	  47.000000    	  2737.0847    	  700.97990    
  47.000000    	  48.000000    	  3482.2776    	  1355.4967    
  48.000000    	  49.000000    	  4146.4110    	  1794.1723    
  49.000000    	  50.000000    	  2517.6542    	  871.08203    
  50.000000    	  51.000000    	  3540.0459    	  1630.0165    
  51.000000    	  52.000000    	  2998.6000    	  1583.9934    
  52.000000    	  53.000000    	  2527.6675    	  910.83091    
  53.000000    	  54.000000    	  3271.6882    	  1582.0139    
  54.000000    	  55.000000    	  702.64061    	  59.920114    
  55.000000    	  56.000000    	  2821.7059    	  1067.5658    
  56.000000    	  57.000000    	  2132.0175    	  1175.6685    
  57.000000    	  58.000000    	  2392.7955    	  974.37918    
  58.000000    	  59.000000    	  2112.9086    	  889.47664    
  59.000000    	  60.000000    	  2644.3810    	  2205.2455    
  60.000000    	  61.000000    	  1963.3436    	  807.48225    
  61.000000    	  62.000000    	  2347.5491    	  901.59540    
  62.000000    	  63.000000    	  1920.7416    	  1547.9519    
  63.000000    	  64.000000    	  1986.4950    	  1665.5099    
  64.000000    	  65.000000    	  5172.2060    	  3472.0618    
  65.000000    	  66.000000    	  400.09627    	  39.575469    
  66.000000    	  67.000000    	  1867.4054    	  919.50332    
  67.000000    	  68.000000    	  2200.5122    	  1149.4359    
  68.000000    	  69.000000    	  1215.7572    	  957.47137    
  69.000000    	  70.000000    	  241.85340    	  45.587338    
  70.000000    	  71.000000    	  2085.3596    	  1864.4246    
  71.000000    	  72.000000    	  2291.6956    	  1270.2456    
  72.000000    	  73.000000    	  258.09793    	  43.790476    
  73.000000    	  74.000000    	  2628.4921    	  2369.9785    
  74.000000    	  75.000000    	  1607.1121    	  1428.9092    
  75.000000    	  76.000000    	  2457.4529    	  2361.5345    
  76.000000    	  77.000000    	  2609.3000    	  1840.1682    
  77.000000    	  78.000000    	  133.49575    	  47.362095    
  78.000000    	  79.000000    	  1258.3496    	  707.20031    
  79.000000    	  80.000000    	  123.84672    	  36.042100    
  80.000000    	  81.000000    	  206.34395    	  23.829850    
  81.000000    	  82.000000    	  173.49481    	  26.084003    
  82.000000    	  83.000000    	  191.76561    	  21.556868    
  83.000000    	  84.000000    	  198.29456    	  19.994604    
  84.000000    	  85.000000    	  185.39322    	  19.698231    
  85.000000    	  86.000000    	  161.68583    	  19.135689    
  86.000000    	  87.000000    	  184.16279    	  19.472151    
  87.000000    	  88.000000    	  155.25168    	  18.133275    
  88.000000    	  89.000000    	  160.45401    	  18.100028    
  89.000000    	  90.000000    	  164.28214    	  17.044283    
  90.000000    	  91.000000    	  176.21245    	  17.191946    
  91.000000    	  92.000000    	  140.26584    	  17.312997    
  92.000000    	  93.000000    	  143.71160    	  16.094634    
  93.000000    	  94.000000    	  134.91421    	  15.485875    
  94.000000    	  95.000000    	  148.98696    	  15.813315    
  95.000000    	  96.000000    	  119.38841    	  14.774801    
  96.000000    	  97.000000    	  108.33966    	  14.488531    
  97.000000    	  98.000000    	  106.96671    	  14.049575    
  98.000000    	  99.000000    	  134.51850    	  14.380103    
  99.000000    	  100.00000    	  107.41499    	  13.329769    
