# pt34_3    
# underflow	  0.0000000    	  0.0000000    
# overflow	  10555.116    	  121.07980    
# sum	  718260.61    	  16205.245    
# xmin	xmax	cross	numerror
  0.0000000    	  1.0000000    	  1113.8803    	  337.74202    
  1.0000000    	  2.0000000    	  19419.370    	  3449.2732    
  2.0000000    	  3.0000000    	  28473.688    	  3318.0485    
  3.0000000    	  4.0000000    	  33628.926    	  3387.7458    
  4.0000000    	  5.0000000    	  34254.877    	  3233.5291    
  5.0000000    	  6.0000000    	  32383.905    	  3077.6678    
  6.0000000    	  7.0000000    	  31791.728    	  3099.2458    
  7.0000000    	  8.0000000    	  29081.810    	  2940.1805    
  8.0000000    	  9.0000000    	  30317.271    	  2964.1896    
  9.0000000    	  10.000000    	  24541.872    	  2725.1764    
  10.000000    	  11.000000    	  23534.440    	  2603.0565    
  11.000000    	  12.000000    	  23450.363    	  2612.5284    
  12.000000    	  13.000000    	  20544.656    	  2448.1398    
  13.000000    	  14.000000    	  18270.580    	  2332.6271    
  14.000000    	  15.000000    	  17163.634    	  2253.5954    
  15.000000    	  16.000000    	  14944.477    	  2092.1938    
  16.000000    	  17.000000    	  16701.267    	  2184.9695    
  17.000000    	  18.000000    	  13389.847    	  2035.9498    
  18.000000    	  19.000000    	  12998.056    	  1957.2071    
  19.000000    	  20.000000    	  12847.879    	  1924.2987    
  20.000000    	  21.000000    	  9444.9486    	  1743.9412    
  21.000000    	  22.000000    	  10274.484    	  1687.3684    
  22.000000    	  23.000000    	  10751.336    	  1857.7026    
  23.000000    	  24.000000    	  8909.3728    	  1672.6679    
  24.000000    	  25.000000    	  6872.1133    	  1519.3407    
  25.000000    	  26.000000    	  9255.8865    	  1663.0112    
  26.000000    	  27.000000    	  4855.1889    	  1288.0771    
  27.000000    	  28.000000    	  9061.4939    	  1626.0295    
  28.000000    	  29.000000    	  5591.5288    	  1366.4034    
  29.000000    	  30.000000    	  4061.7070    	  1219.3693    
  30.000000    	  31.000000    	  5754.8345    	  1392.9723    
  31.000000    	  32.000000    	  5909.3869    	  1304.6373    
  32.000000    	  33.000000    	  4582.2767    	  1125.8767    
  33.000000    	  34.000000    	  3986.1342    	  1138.8259    
  34.000000    	  35.000000    	  6096.2346    	  1448.9621    
  35.000000    	  36.000000    	  5032.0209    	  1319.4436    
  36.000000    	  37.000000    	  5919.2591    	  1477.7524    
  37.000000    	  38.000000    	  3767.1409    	  1122.5619    
  38.000000    	  39.000000    	  5526.7168    	  1533.5427    
  39.000000    	  40.000000    	  3417.0971    	  1153.8530    
  40.000000    	  41.000000    	  3527.5006    	  1167.2630    
  41.000000    	  42.000000    	  3486.5402    	  1168.2845    
  42.000000    	  43.000000    	  3708.1754    	  1230.2545    
  43.000000    	  44.000000    	  3962.2370    	  1234.9146    
  44.000000    	  45.000000    	  4297.6182    	  1322.7236    
  45.000000    	  46.000000    	  3948.5917    	  1190.1717    
  46.000000    	  47.000000    	  3939.1990    	  1114.3070    
  47.000000    	  48.000000    	  4218.2992    	  1269.0330    
  48.000000    	  49.000000    	  3124.3314    	  1175.1322    
  49.000000    	  50.000000    	  2699.8734    	  1202.3803    
  50.000000    	  51.000000    	  3807.2711    	  1135.3654    
  51.000000    	  52.000000    	  4320.7785    	  1494.4324    
  52.000000    	  53.000000    	  3655.3677    	  1423.6949    
  53.000000    	  54.000000    	 -379.54556    	  281.23234    
  54.000000    	  55.000000    	  3397.8529    	  1282.5700    
  55.000000    	  56.000000    	  4174.1894    	  1538.0224    
  56.000000    	  57.000000    	  2738.8906    	  1098.2483    
  57.000000    	  58.000000    	  3263.4460    	  1412.0477    
  58.000000    	  59.000000    	  3939.8079    	  1632.9352    
  59.000000    	  60.000000    	  3187.5931    	  1220.4377    
  60.000000    	  61.000000    	  3499.2575    	  1536.4037    
  61.000000    	  62.000000    	  2673.9036    	  1185.2662    
  62.000000    	  63.000000    	  2894.3533    	  1355.3981    
  63.000000    	  64.000000    	  4197.7744    	  1748.9772    
  64.000000    	  65.000000    	  3103.3349    	  1619.3198    
  65.000000    	  66.000000    	  4083.0683    	  1880.5804    
  66.000000    	  67.000000    	  2998.5788    	  1325.1290    
  67.000000    	  68.000000    	  2969.4584    	  1288.4688    
  68.000000    	  69.000000    	  2339.7788    	  982.71017    
  69.000000    	  70.000000    	  3056.6192    	  1134.3983    
  70.000000    	  71.000000    	  3622.1964    	  1573.4408    
  71.000000    	  72.000000    	  6763.3913    	  3283.8461    
  72.000000    	  73.000000    	  3349.0173    	  1865.4349    
  73.000000    	  74.000000    	 -53.434243    	  231.75601    
  74.000000    	  75.000000    	  3293.8403    	  1659.6463    
  75.000000    	  76.000000    	  3689.3795    	  1699.1469    
  76.000000    	  77.000000    	  2864.1384    	  1520.8945    
  77.000000    	  78.000000    	  2688.0128    	  1467.8634    
  78.000000    	  79.000000    	  1938.5759    	  809.30649    
  79.000000    	  80.000000    	  2222.3575    	  1022.5608    
  80.000000    	  81.000000    	  630.67825    	  43.582820    
  81.000000    	  82.000000    	  555.90228    	  40.001074    
  82.000000    	  83.000000    	  522.07999    	  37.520300    
  83.000000    	  84.000000    	  508.60788    	  36.753730    
  84.000000    	  85.000000    	  521.87399    	  37.135915    
  85.000000    	  86.000000    	  441.99011    	  35.442940    
  86.000000    	  87.000000    	  504.33253    	  35.452980    
  87.000000    	  88.000000    	  421.71077    	  36.335317    
  88.000000    	  89.000000    	  442.43475    	  34.533524    
  89.000000    	  90.000000    	  473.60037    	  31.578102    
  90.000000    	  91.000000    	  400.34903    	  31.051851    
  91.000000    	  92.000000    	  400.95566    	  31.194408    
  92.000000    	  93.000000    	  383.54770    	  32.282065    
  93.000000    	  94.000000    	  343.03416    	  29.047992    
  94.000000    	  95.000000    	  366.08670    	  28.709221    
  95.000000    	  96.000000    	  389.82809    	  26.913963    
  96.000000    	  97.000000    	  304.17316    	  26.945228    
  97.000000    	  98.000000    	  349.78657    	  28.042001    
  98.000000    	  99.000000    	  304.41619    	  28.857173    
  99.000000    	  100.00000    	  306.79774    	  25.267914    
