# pt34_18   
# underflow	  0.0000000    	  0.0000000    
# overflow	  5237.6069    	  86.105594    
# sum	  409405.88    	  14883.755    
# xmin	xmax	cross	numerror
  0.0000000    	  1.0000000    	  1892.5167    	  550.48064    
  1.0000000    	  2.0000000    	  7337.2359    	  2350.9061    
  2.0000000    	  3.0000000    	  14418.364    	  2262.4218    
  3.0000000    	  4.0000000    	  18192.682    	  2344.9431    
  4.0000000    	  5.0000000    	  16279.562    	  2253.4808    
  5.0000000    	  6.0000000    	  15652.133    	  2159.0496    
  6.0000000    	  7.0000000    	  16417.370    	  2202.9176    
  7.0000000    	  8.0000000    	  15254.729    	  2112.7219    
  8.0000000    	  9.0000000    	  13038.236    	  1986.8768    
  9.0000000    	  10.000000    	  13748.993    	  1969.6949    
  10.000000    	  11.000000    	  10490.699    	  1782.6738    
  11.000000    	  12.000000    	  10103.117    	  1723.4729    
  12.000000    	  13.000000    	  10619.610    	  1787.3064    
  13.000000    	  14.000000    	  9320.5411    	  1680.7475    
  14.000000    	  15.000000    	  8670.6652    	  1570.8286    
  15.000000    	  16.000000    	  8446.1310    	  1555.1548    
  16.000000    	  17.000000    	  6094.8881    	  1361.3079    
  17.000000    	  18.000000    	  6047.4095    	  1342.1958    
  18.000000    	  19.000000    	  6629.4734    	  1409.1235    
  19.000000    	  20.000000    	  6298.4902    	  1338.7100    
  20.000000    	  21.000000    	  5592.4416    	  1287.2538    
  21.000000    	  22.000000    	  4812.0646    	  1170.8578    
  22.000000    	  23.000000    	  3639.0964    	  1112.1339    
  23.000000    	  24.000000    	  5271.5000    	  1314.5189    
  24.000000    	  25.000000    	  6284.3731    	  1307.0601    
  25.000000    	  26.000000    	  2604.4908    	  941.23142    
  26.000000    	  27.000000    	  3889.8773    	  1100.7845    
  27.000000    	  28.000000    	  5134.7410    	  1247.0487    
  28.000000    	  29.000000    	  3096.7177    	  990.70557    
  29.000000    	  30.000000    	  3938.8066    	  1079.9584    
  30.000000    	  31.000000    	  3387.5636    	  1276.0421    
  31.000000    	  32.000000    	  2448.9505    	  925.91518    
  32.000000    	  33.000000    	  4038.0385    	  1210.4745    
  33.000000    	  34.000000    	  2627.0571    	  899.21365    
  34.000000    	  35.000000    	  3172.8042    	  1199.4627    
  35.000000    	  36.000000    	  2821.8971    	  1079.2582    
  36.000000    	  37.000000    	  2417.3802    	  1008.3348    
  37.000000    	  38.000000    	  2580.8263    	  963.19224    
  38.000000    	  39.000000    	  3117.0327    	  1006.5460    
  39.000000    	  40.000000    	  3030.1322    	  1047.5552    
  40.000000    	  41.000000    	  2838.9212    	  1024.2742    
  41.000000    	  42.000000    	  1610.3365    	  860.75570    
  42.000000    	  43.000000    	  2332.8816    	  896.22976    
  43.000000    	  44.000000    	  2549.6120    	  975.33716    
  44.000000    	  45.000000    	  2812.5713    	  989.22569    
  45.000000    	  46.000000    	  2680.0070    	  1154.7138    
  46.000000    	  47.000000    	  2157.0525    	  1095.6424    
  47.000000    	  48.000000    	  2916.7515    	  1167.1263    
  48.000000    	  49.000000    	  3573.3740    	  1569.3657    
  49.000000    	  50.000000    	  2720.8548    	  1106.2078    
  50.000000    	  51.000000    	  5316.4293    	  3877.0330    
  51.000000    	  52.000000    	  3071.4043    	  1107.9425    
  52.000000    	  53.000000    	  2599.5707    	  1139.3406    
  53.000000    	  54.000000    	  2818.9308    	  1705.1511    
  54.000000    	  55.000000    	  4078.2014    	  2014.0122    
  55.000000    	  56.000000    	  2281.6241    	  1311.1739    
  56.000000    	  57.000000    	  2432.5743    	  1112.1901    
  57.000000    	  58.000000    	  2769.7555    	  1467.5482    
  58.000000    	  59.000000    	  2863.3487    	  1409.5429    
  59.000000    	  60.000000    	  2722.2146    	  1258.7759    
  60.000000    	  61.000000    	  2953.2527    	  2007.9204    
  61.000000    	  62.000000    	  4979.4926    	  1992.6842    
  62.000000    	  63.000000    	  3843.0257    	  1923.0553    
  63.000000    	  64.000000    	  2785.1176    	  2086.3349    
  64.000000    	  65.000000    	  3434.6132    	  1887.3862    
  65.000000    	  66.000000    	  3459.1353    	  2027.8744    
  66.000000    	  67.000000    	  2319.2523    	  1372.7402    
  67.000000    	  68.000000    	  2219.7313    	  1387.1030    
  68.000000    	  69.000000    	  4129.9939    	  3106.6591    
  69.000000    	  70.000000    	  3645.7797    	  3686.7365    
  70.000000    	  71.000000    	 0.60378802E-02	  119.92674    
  71.000000    	  72.000000    	  27.606535    	  137.52422    
  72.000000    	  73.000000    	  3209.7062    	  3337.1858    
  73.000000    	  74.000000    	  4354.5433    	  2496.9260    
  74.000000    	  75.000000    	  2091.9824    	  1509.5465    
  75.000000    	  76.000000    	  2530.1829    	  2481.1255    
  76.000000    	  77.000000    	  2420.7127    	  1374.2837    
  77.000000    	  78.000000    	  1414.9404    	  903.16987    
  78.000000    	  79.000000    	  2105.3449    	  1475.2868    
  79.000000    	  80.000000    	  2032.0619    	  1401.9314    
  80.000000    	  81.000000    	  330.22549    	  26.791565    
  81.000000    	  82.000000    	  250.26859    	  28.442115    
  82.000000    	  83.000000    	  275.53587    	  26.943186    
  83.000000    	  84.000000    	  278.51356    	  24.277246    
  84.000000    	  85.000000    	  254.49691    	  23.215561    
  85.000000    	  86.000000    	  282.70497    	  24.971037    
  86.000000    	  87.000000    	  185.07751    	  24.368035    
  87.000000    	  88.000000    	  225.64540    	  22.376289    
  88.000000    	  89.000000    	  250.93104    	  21.419327    
  89.000000    	  90.000000    	  185.61676    	  21.082046    
  90.000000    	  91.000000    	  176.24932    	  19.640209    
  91.000000    	  92.000000    	  183.07244    	  19.961102    
  92.000000    	  93.000000    	  193.61016    	  20.479796    
  93.000000    	  94.000000    	  175.01869    	  18.712620    
  94.000000    	  95.000000    	  192.29993    	  18.517856    
  95.000000    	  96.000000    	  155.95335    	  17.457715    
  96.000000    	  97.000000    	  179.50527    	  15.700487    
  97.000000    	  98.000000    	  149.39248    	  16.161129    
  98.000000    	  99.000000    	  152.89690    	  16.487058    
  99.000000    	  100.00000    	  129.72685    	  15.705889    
