# pt34_14   
# underflow	  0.0000000    	  0.0000000    
# overflow	  0.0000000    	  0.0000000    
# sum	  433939.68    	  19189.039    
# xmin	xmax	cross	numerror
  0.0000000    	  1.0000000    	  193.79711    	  123.47363    
  1.0000000    	  2.0000000    	  11501.276    	  1834.7209    
  2.0000000    	  3.0000000    	  18559.254    	  2349.0910    
  3.0000000    	  4.0000000    	  16630.168    	  2211.8643    
  4.0000000    	  5.0000000    	  19005.973    	  2370.8440    
  5.0000000    	  6.0000000    	  17426.174    	  2248.9617    
  6.0000000    	  7.0000000    	  16937.154    	  2298.3769    
  7.0000000    	  8.0000000    	  15889.117    	  2230.3476    
  8.0000000    	  9.0000000    	  15215.352    	  2189.3714    
  9.0000000    	  10.000000    	  14289.842    	  2138.5001    
  10.000000    	  11.000000    	  13273.514    	  2050.5568    
  11.000000    	  12.000000    	  10236.510    	  1785.8173    
  12.000000    	  13.000000    	  11354.578    	  1901.3116    
  13.000000    	  14.000000    	  8747.0737    	  1687.3423    
  14.000000    	  15.000000    	  9267.1473    	  1726.7108    
  15.000000    	  16.000000    	  7878.7651    	  1601.6286    
  16.000000    	  17.000000    	  7389.9699    	  1477.9376    
  17.000000    	  18.000000    	  7342.0727    	  1532.5688    
  18.000000    	  19.000000    	  5213.7488    	  1305.7451    
  19.000000    	  20.000000    	  5279.2215    	  1211.2155    
  20.000000    	  21.000000    	  6891.6342    	  1485.2878    
  21.000000    	  22.000000    	  4349.1647    	  1243.1468    
  22.000000    	  23.000000    	  3998.8927    	  1126.0235    
  23.000000    	  24.000000    	  4716.4690    	  1248.8712    
  24.000000    	  25.000000    	  3890.0851    	  1119.8771    
  25.000000    	  26.000000    	  3666.8720    	  1156.8785    
  26.000000    	  27.000000    	  4701.5966    	  1245.0953    
  27.000000    	  28.000000    	  3437.5940    	  1222.2952    
  28.000000    	  29.000000    	  3721.3172    	  1103.2412    
  29.000000    	  30.000000    	  3320.8198    	  1048.3325    
  30.000000    	  31.000000    	  3527.9479    	  1101.0015    
  31.000000    	  32.000000    	  2963.9527    	  1043.5846    
  32.000000    	  33.000000    	  3335.8082    	  1083.0743    
  33.000000    	  34.000000    	  3563.6005    	  1474.5695    
  34.000000    	  35.000000    	  3523.1093    	  1270.0480    
  35.000000    	  36.000000    	  3323.1694    	  1334.1319    
  36.000000    	  37.000000    	  3574.2265    	  1488.1461    
  37.000000    	  38.000000    	  4472.4859    	  1746.1199    
  38.000000    	  39.000000    	  4025.1557    	  1742.7686    
  39.000000    	  40.000000    	  3025.1613    	  1054.4680    
  40.000000    	  41.000000    	  4734.5106    	  2498.2342    
  41.000000    	  42.000000    	  3803.9626    	  1458.7930    
  42.000000    	  43.000000    	  2955.6409    	  1242.6147    
  43.000000    	  44.000000    	  3225.4732    	  1403.5914    
  44.000000    	  45.000000    	  3257.8837    	  1343.1745    
  45.000000    	  46.000000    	  607.39967    	  425.51099    
  46.000000    	  47.000000    	  3671.5028    	  2127.3988    
  47.000000    	  48.000000    	  2239.5177    	  858.34222    
  48.000000    	  49.000000    	  3156.2406    	  1584.8339    
  49.000000    	  50.000000    	  3563.4549    	  1835.3756    
  50.000000    	  51.000000    	  4757.4144    	  2917.6778    
  51.000000    	  52.000000    	  3004.2727    	  1534.0491    
  52.000000    	  53.000000    	  4164.2303    	  2280.6486    
  53.000000    	  54.000000    	  4443.4958    	  4443.4958    
  54.000000    	  55.000000    	  2878.4066    	  1444.1325    
  55.000000    	  56.000000    	  3880.8321    	  2242.4675    
  56.000000    	  57.000000    	  3375.0570    	  3375.0570    
  57.000000    	  58.000000    	  3937.9621    	  2786.0732    
  58.000000    	  59.000000    	  3107.6346    	  1857.7481    
  59.000000    	  60.000000    	  3036.4767    	  2171.3675    
  60.000000    	  61.000000    	  3393.1523    	  1608.5308    
  61.000000    	  62.000000    	  3782.3373    	  2693.1915    
  62.000000    	  63.000000    	  4628.5217    	  4628.5217    
  63.000000    	  64.000000    	  765.26131    	  664.50802    
  64.000000    	  65.000000    	  3620.0713    	  3620.0713    
  65.000000    	  66.000000    	  2986.1703    	  1516.1746    
  66.000000    	  67.000000    	  1753.3256    	  1089.2960    
  67.000000    	  68.000000    	  0.0000000    	  0.0000000    
  68.000000    	  69.000000    	  5025.8981    	  5025.8981    
  69.000000    	  70.000000    	  5959.0944    	  5959.0944    
  70.000000    	  71.000000    	  3518.3726    	  2540.7741    
  71.000000    	  72.000000    	  3731.6758    	  2665.2679    
  72.000000    	  73.000000    	  0.0000000    	  0.0000000    
  73.000000    	  74.000000    	  3104.4411    	  2236.7241    
  74.000000    	  75.000000    	  0.0000000    	  0.0000000    
  75.000000    	  76.000000    	  2120.8278    	  2120.8278    
  76.000000    	  77.000000    	  6188.8139    	  4375.6340    
  77.000000    	  78.000000    	  3165.9181    	  3165.9181    
  78.000000    	  79.000000    	  0.0000000    	  0.0000000    
  79.000000    	  80.000000    	  2734.6525    	  2734.6525    
  80.000000    	  81.000000    	  0.0000000    	  0.0000000    
  81.000000    	  82.000000    	  0.0000000    	  0.0000000    
  82.000000    	  83.000000    	  0.0000000    	  0.0000000    
  83.000000    	  84.000000    	  0.0000000    	  0.0000000    
  84.000000    	  85.000000    	  0.0000000    	  0.0000000    
  85.000000    	  86.000000    	  0.0000000    	  0.0000000    
  86.000000    	  87.000000    	  0.0000000    	  0.0000000    
  87.000000    	  88.000000    	  0.0000000    	  0.0000000    
  88.000000    	  89.000000    	  0.0000000    	  0.0000000    
  89.000000    	  90.000000    	  0.0000000    	  0.0000000    
  90.000000    	  91.000000    	  0.0000000    	  0.0000000    
  91.000000    	  92.000000    	  0.0000000    	  0.0000000    
  92.000000    	  93.000000    	  0.0000000    	  0.0000000    
  93.000000    	  94.000000    	  0.0000000    	  0.0000000    
  94.000000    	  95.000000    	  0.0000000    	  0.0000000    
  95.000000    	  96.000000    	  0.0000000    	  0.0000000    
  96.000000    	  97.000000    	  0.0000000    	  0.0000000    
  97.000000    	  98.000000    	  0.0000000    	  0.0000000    
  98.000000    	  99.000000    	  0.0000000    	  0.0000000    
  99.000000    	  100.00000    	  0.0000000    	  0.0000000    
