# pt34_29   
# underflow	  0.0000000    	  0.0000000    
# overflow	  4920.1237    	  135.06971    
# sum	  381449.67    	  17583.297    
# xmin	xmax	cross	numerror
  0.0000000    	  1.0000000    	  670.26302    	  324.30351    
  1.0000000    	  2.0000000    	  13411.202    	  4186.3834    
  2.0000000    	  3.0000000    	  16238.531    	  3206.9296    
  3.0000000    	  4.0000000    	  16372.966    	  3137.3353    
  4.0000000    	  5.0000000    	  19702.456    	  2937.2933    
  5.0000000    	  6.0000000    	  15756.020    	  2701.7922    
  6.0000000    	  7.0000000    	  16489.478    	  2691.0272    
  7.0000000    	  8.0000000    	  17066.041    	  2560.1616    
  8.0000000    	  9.0000000    	  13446.330    	  2409.2437    
  9.0000000    	  10.000000    	  9411.2665    	  2059.7009    
  10.000000    	  11.000000    	  8796.6693    	  1856.0523    
  11.000000    	  12.000000    	  11788.132    	  2228.4425    
  12.000000    	  13.000000    	  10727.192    	  2029.6376    
  13.000000    	  14.000000    	  8403.0556    	  1805.3925    
  14.000000    	  15.000000    	  7189.4031    	  1613.7870    
  15.000000    	  16.000000    	  7337.8440    	  1658.6764    
  16.000000    	  17.000000    	  7266.1450    	  1753.5848    
  17.000000    	  18.000000    	  3955.5821    	  1301.7220    
  18.000000    	  19.000000    	  3968.3399    	  1175.7781    
  19.000000    	  20.000000    	  7013.8957    	  1488.1335    
  20.000000    	  21.000000    	  4306.9019    	  1304.9733    
  21.000000    	  22.000000    	  3606.8271    	  1159.5706    
  22.000000    	  23.000000    	  4019.0415    	  1052.4498    
  23.000000    	  24.000000    	  3402.1639    	  1276.9710    
  24.000000    	  25.000000    	  2235.3596    	  962.57188    
  25.000000    	  26.000000    	  2576.3589    	  912.83129    
  26.000000    	  27.000000    	  2848.6393    	  907.89894    
  27.000000    	  28.000000    	  2819.4426    	  916.24740    
  28.000000    	  29.000000    	  3652.8300    	  1068.8555    
  29.000000    	  30.000000    	  3800.1848    	  979.41132    
  30.000000    	  31.000000    	  2654.9128    	  924.95772    
  31.000000    	  32.000000    	  2479.7075    	  856.69493    
  32.000000    	  33.000000    	  2172.0306    	  829.33187    
  33.000000    	  34.000000    	  2660.2384    	  873.02461    
  34.000000    	  35.000000    	  4696.2645    	  1665.5133    
  35.000000    	  36.000000    	  2001.7540    	  898.18416    
  36.000000    	  37.000000    	  2762.7069    	  979.69684    
  37.000000    	  38.000000    	  2203.7211    	  890.82678    
  38.000000    	  39.000000    	  2753.2499    	  958.15591    
  39.000000    	  40.000000    	  2815.6633    	  785.22966    
  40.000000    	  41.000000    	  1920.9113    	  886.65613    
  41.000000    	  42.000000    	  2632.4468    	  980.64236    
  42.000000    	  43.000000    	  2404.0755    	  1091.2629    
  43.000000    	  44.000000    	  2336.8559    	  977.92611    
  44.000000    	  45.000000    	  2837.2986    	  1261.7955    
  45.000000    	  46.000000    	  2361.0449    	  1004.2707    
  46.000000    	  47.000000    	  2361.4620    	  1363.8831    
  47.000000    	  48.000000    	  2946.0690    	  1007.8538    
  48.000000    	  49.000000    	  2214.6126    	  1126.3465    
  49.000000    	  50.000000    	  1734.2986    	  1149.7479    
  50.000000    	  51.000000    	  5477.2611    	  4602.0546    
  51.000000    	  52.000000    	  2113.3978    	  1091.2086    
  52.000000    	  53.000000    	  2217.1472    	  1172.7403    
  53.000000    	  54.000000    	  4082.7991    	  2691.9871    
  54.000000    	  55.000000    	  5167.3724    	  4742.6740    
  55.000000    	  56.000000    	  2262.5384    	  937.83979    
  56.000000    	  57.000000    	  2330.2487    	  1130.3981    
  57.000000    	  58.000000    	  2579.6389    	  1655.9031    
  58.000000    	  59.000000    	  1131.3786    	  1107.5308    
  59.000000    	  60.000000    	  2153.8716    	  1024.3017    
  60.000000    	  61.000000    	  4672.0581    	  3103.3579    
  61.000000    	  62.000000    	  1887.4995    	  934.08918    
  62.000000    	  63.000000    	  1855.5174    	  969.64373    
  63.000000    	  64.000000    	  2967.2340    	  2692.7640    
  64.000000    	  65.000000    	  4586.9035    	  4387.4125    
  65.000000    	  66.000000    	  1190.5224    	  912.11174    
  66.000000    	  67.000000    	  1921.3432    	  974.17777    
  67.000000    	  68.000000    	  3246.7724    	  2114.4531    
  68.000000    	  69.000000    	  287.21156    	  109.80665    
  69.000000    	  70.000000    	  317.27056    	  82.136692    
  70.000000    	  71.000000    	  5953.6572    	  5683.9567    
  71.000000    	  72.000000    	  2140.5736    	  1429.5441    
  72.000000    	  73.000000    	  1205.5441    	  872.26799    
  73.000000    	  74.000000    	  3349.8283    	  2332.7254    
  74.000000    	  75.000000    	  318.26086    	  55.556520    
  75.000000    	  76.000000    	  3821.7809    	  3592.0239    
  76.000000    	  77.000000    	  4285.2195    	  2942.1630    
  77.000000    	  78.000000    	  99.106561    	  71.337465    
  78.000000    	  79.000000    	  977.11078    	  525.13504    
  79.000000    	  80.000000    	 -1072.4296    	  1279.2197    
  80.000000    	  81.000000    	  307.51974    	  45.267252    
  81.000000    	  82.000000    	  197.89525    	  43.114234    
  82.000000    	  83.000000    	  275.30095    	  40.441854    
  83.000000    	  84.000000    	  172.38585    	  43.392637    
  84.000000    	  85.000000    	  230.89468    	  41.847687    
  85.000000    	  86.000000    	  270.23114    	  39.614307    
  86.000000    	  87.000000    	  300.00371    	  43.035005    
  87.000000    	  88.000000    	  156.26756    	  37.473336    
  88.000000    	  89.000000    	  156.17808    	  31.957585    
  89.000000    	  90.000000    	  184.18757    	  35.609174    
  90.000000    	  91.000000    	  165.98088    	  34.010698    
  91.000000    	  92.000000    	  195.47843    	  33.888942    
  92.000000    	  93.000000    	  194.18774    	  29.941949    
  93.000000    	  94.000000    	  145.96922    	  26.508276    
  94.000000    	  95.000000    	  139.02006    	  32.537290    
  95.000000    	  96.000000    	  101.38542    	  28.177660    
  96.000000    	  97.000000    	  165.08367    	  29.025832    
  97.000000    	  98.000000    	  100.30109    	  26.978740    
  98.000000    	  99.000000    	  156.03159    	  27.510543    
  99.000000    	  100.00000    	  160.72064    	  25.683360    
