# pt34_12   
# underflow	  0.0000000    	  0.0000000    
# overflow	  5759.1763    	  148.32334    
# sum	  406490.68    	  17721.780    
# xmin	xmax	cross	numerror
  0.0000000    	  1.0000000    	  1408.9824    	  473.94988    
  1.0000000    	  2.0000000    	  10246.956    	  3809.8187    
  2.0000000    	  3.0000000    	  14963.245    	  3170.5840    
  3.0000000    	  4.0000000    	  19309.617    	  3053.9607    
  4.0000000    	  5.0000000    	  18566.439    	  2851.3013    
  5.0000000    	  6.0000000    	  17671.201    	  2730.4141    
  6.0000000    	  7.0000000    	  17177.947    	  2540.1794    
  7.0000000    	  8.0000000    	  15283.160    	  2600.3216    
  8.0000000    	  9.0000000    	  12933.382    	  2384.6833    
  9.0000000    	  10.000000    	  13891.706    	  2330.3755    
  10.000000    	  11.000000    	  12252.333    	  2188.7609    
  11.000000    	  12.000000    	  10993.271    	  2087.1675    
  12.000000    	  13.000000    	  9402.7060    	  1924.1366    
  13.000000    	  14.000000    	  7816.2777    	  1846.9501    
  14.000000    	  15.000000    	  7662.3864    	  1732.2234    
  15.000000    	  16.000000    	  7933.4005    	  1708.0100    
  16.000000    	  17.000000    	  6335.7550    	  1641.1824    
  17.000000    	  18.000000    	  6706.2749    	  1605.6624    
  18.000000    	  19.000000    	  5336.2380    	  1368.4483    
  19.000000    	  20.000000    	  5266.1226    	  1377.1228    
  20.000000    	  21.000000    	  4290.4848    	  1286.8401    
  21.000000    	  22.000000    	  5052.7107    	  1378.3541    
  22.000000    	  23.000000    	  3629.4288    	  1136.9410    
  23.000000    	  24.000000    	  2778.8124    	  1058.6262    
  24.000000    	  25.000000    	  3579.0423    	  1150.3619    
  25.000000    	  26.000000    	  3958.1194    	  1273.0528    
  26.000000    	  27.000000    	  3625.2342    	  1239.3411    
  27.000000    	  28.000000    	  3858.0738    	  1216.6683    
  28.000000    	  29.000000    	  4130.5386    	  1283.5541    
  29.000000    	  30.000000    	  4113.7954    	  1272.9725    
  30.000000    	  31.000000    	  3014.1614    	  1009.5976    
  31.000000    	  32.000000    	  3161.6459    	  1224.6540    
  32.000000    	  33.000000    	  4084.3838    	  1116.7816    
  33.000000    	  34.000000    	  2765.9123    	  1147.1777    
  34.000000    	  35.000000    	  3593.5071    	  1374.8221    
  35.000000    	  36.000000    	  3515.5957    	  1271.9665    
  36.000000    	  37.000000    	  3758.7456    	  1050.4820    
  37.000000    	  38.000000    	  3043.3068    	  1096.9843    
  38.000000    	  39.000000    	  3022.0711    	  1444.0607    
  39.000000    	  40.000000    	  2294.9188    	  1193.1496    
  40.000000    	  41.000000    	  2755.4047    	  1103.7312    
  41.000000    	  42.000000    	  2857.9538    	  974.70536    
  42.000000    	  43.000000    	  2731.6714    	  1251.2689    
  43.000000    	  44.000000    	  3272.5706    	  1157.5484    
  44.000000    	  45.000000    	  1615.4668    	  1084.7211    
  45.000000    	  46.000000    	  2977.6622    	  1246.8614    
  46.000000    	  47.000000    	  3191.2700    	  1259.5206    
  47.000000    	  48.000000    	  4169.2329    	  2204.1680    
  48.000000    	  49.000000    	  3588.6238    	  1882.3703    
  49.000000    	  50.000000    	  3615.8173    	  1741.8575    
  50.000000    	  51.000000    	  1097.0184    	  848.90173    
  51.000000    	  52.000000    	  126.04670    	  241.37606    
  52.000000    	  53.000000    	  2633.6644    	  1288.0311    
  53.000000    	  54.000000    	  3096.6621    	  1491.0120    
  54.000000    	  55.000000    	  4719.4714    	  2689.9862    
  55.000000    	  56.000000    	  2856.2631    	  2048.8116    
  56.000000    	  57.000000    	  2609.4754    	  2597.5200    
  57.000000    	  58.000000    	  3302.1666    	  1699.8803    
  58.000000    	  59.000000    	  45.595533    	  239.33504    
  59.000000    	  60.000000    	  3897.7146    	  3596.2713    
  60.000000    	  61.000000    	  1787.5821    	  1909.0814    
  61.000000    	  62.000000    	  1903.4616    	  1630.0241    
  62.000000    	  63.000000    	  3662.5605    	  2290.7629    
  63.000000    	  64.000000    	  2078.8271    	  1625.2279    
  64.000000    	  65.000000    	  6552.5640    	  4851.2854    
  65.000000    	  66.000000    	  3513.5622    	  2292.5797    
  66.000000    	  67.000000    	  3533.1286    	  3469.1037    
  67.000000    	  68.000000    	  1940.0182    	  1073.5623    
  68.000000    	  69.000000    	  1257.9778    	  1983.0466    
  69.000000    	  70.000000    	  168.04236    	  148.81468    
  70.000000    	  71.000000    	  6695.9396    	  4812.9409    
  71.000000    	  72.000000    	  87.597574    	  137.91516    
  72.000000    	  73.000000    	 -6.4628244    	  177.83545    
  73.000000    	  74.000000    	  3166.3905    	  2128.6937    
  74.000000    	  75.000000    	  6564.0619    	  4660.1079    
  75.000000    	  76.000000    	  114.25701    	  74.272705    
  76.000000    	  77.000000    	  232.88146    	  92.726405    
  77.000000    	  78.000000    	  1728.6711    	  1301.3872    
  78.000000    	  79.000000    	  2898.3376    	  2730.7119    
  79.000000    	  80.000000    	  1115.6247    	  925.09643    
  80.000000    	  81.000000    	  290.85482    	  44.366672    
  81.000000    	  82.000000    	  217.48002    	  42.441951    
  82.000000    	  83.000000    	  336.50732    	  41.593229    
  83.000000    	  84.000000    	  247.16715    	  41.681265    
  84.000000    	  85.000000    	  221.47082    	  44.045852    
  85.000000    	  86.000000    	  180.20314    	  38.817452    
  86.000000    	  87.000000    	  233.67074    	  38.493847    
  87.000000    	  88.000000    	  312.34097    	  40.516543    
  88.000000    	  89.000000    	  145.96876    	  39.824246    
  89.000000    	  90.000000    	  233.02005    	  35.834255    
  90.000000    	  91.000000    	  162.18330    	  33.530538    
  91.000000    	  92.000000    	  232.70081    	  33.852132    
  92.000000    	  93.000000    	  215.20304    	  37.953616    
  93.000000    	  94.000000    	  201.11353    	  31.732894    
  94.000000    	  95.000000    	  124.71315    	  29.731905    
  95.000000    	  96.000000    	  153.46029    	  27.113842    
  96.000000    	  97.000000    	  165.08469    	  28.130629    
  97.000000    	  98.000000    	  150.99628    	  27.922860    
  98.000000    	  99.000000    	  143.86103    	  26.475675    
  99.000000    	  100.00000    	  180.83435    	  26.048226    
