# pt34_8    
# underflow	  0.0000000    	  0.0000000    
# overflow	  11910.285    	  192.30406    
# sum	  959776.99    	  6562.9842    
# xmin	xmax	cross	numerror
  0.0000000    	  1.0000000    	  0.0000000    	  0.0000000    
  1.0000000    	  2.0000000    	  64731.641    	  4472.4832    
  2.0000000    	  3.0000000    	  98442.844    	  2356.2988    
  3.0000000    	  4.0000000    	  85660.549    	  1859.8846    
  4.0000000    	  5.0000000    	  71504.091    	  1503.5145    
  5.0000000    	  6.0000000    	  61142.786    	  1248.9354    
  6.0000000    	  7.0000000    	  49911.785    	  1023.9642    
  7.0000000    	  8.0000000    	  43035.766    	  1034.0445    
  8.0000000    	  9.0000000    	  39365.215    	  897.61342    
  9.0000000    	  10.000000    	  33616.841    	  844.09081    
  10.000000    	  11.000000    	  29208.576    	  826.64817    
  11.000000    	  12.000000    	  26392.437    	  752.26114    
  12.000000    	  13.000000    	  24151.387    	  737.57837    
  13.000000    	  14.000000    	  22080.872    	  649.16387    
  14.000000    	  15.000000    	  17639.433    	  618.78285    
  15.000000    	  16.000000    	  18149.904    	  647.77934    
  16.000000    	  17.000000    	  15272.789    	  515.80985    
  17.000000    	  18.000000    	  15320.726    	  487.32959    
  18.000000    	  19.000000    	  13375.191    	  466.54647    
  19.000000    	  20.000000    	  11991.596    	  479.93681    
  20.000000    	  21.000000    	  11626.207    	  415.34140    
  21.000000    	  22.000000    	  10983.735    	  400.98952    
  22.000000    	  23.000000    	  9889.4018    	  374.60592    
  23.000000    	  24.000000    	  9559.3751    	  382.62839    
  24.000000    	  25.000000    	  8638.4768    	  363.21032    
  25.000000    	  26.000000    	  8321.5893    	  350.38032    
  26.000000    	  27.000000    	  7417.4624    	  326.83713    
  27.000000    	  28.000000    	  6964.6334    	  311.17014    
  28.000000    	  29.000000    	  6945.3396    	  305.76071    
  29.000000    	  30.000000    	  6040.0186    	  301.70564    
  30.000000    	  31.000000    	  5754.7081    	  293.66785    
  31.000000    	  32.000000    	  5815.3580    	  286.83607    
  32.000000    	  33.000000    	  5465.8894    	  269.86774    
  33.000000    	  34.000000    	  5124.4234    	  256.95490    
  34.000000    	  35.000000    	  4723.1067    	  254.57182    
  35.000000    	  36.000000    	  4426.0001    	  240.06801    
  36.000000    	  37.000000    	  4384.9941    	  232.89845    
  37.000000    	  38.000000    	  4219.2799    	  239.76276    
  38.000000    	  39.000000    	  3510.9266    	  224.43654    
  39.000000    	  40.000000    	  3537.8752    	  221.96510    
  40.000000    	  41.000000    	  3149.7250    	  213.80542    
  41.000000    	  42.000000    	  3432.9146    	  195.37853    
  42.000000    	  43.000000    	  3395.7619    	  183.14623    
  43.000000    	  44.000000    	  2668.8212    	  188.86345    
  44.000000    	  45.000000    	  2837.1298    	  175.89577    
  45.000000    	  46.000000    	  2448.5303    	  171.71940    
  46.000000    	  47.000000    	  2895.8318    	  177.50988    
  47.000000    	  48.000000    	  2406.6452    	  175.73825    
  48.000000    	  49.000000    	  2273.5365    	  156.20291    
  49.000000    	  50.000000    	  2347.1280    	  155.64721    
  50.000000    	  51.000000    	  2106.9689    	  157.00879    
  51.000000    	  52.000000    	  2242.3510    	  136.97859    
  52.000000    	  53.000000    	  1940.4934    	  136.75659    
  53.000000    	  54.000000    	  1831.9279    	  137.54385    
  54.000000    	  55.000000    	  1472.1204    	  132.20354    
  55.000000    	  56.000000    	  1902.2445    	  128.31966    
  56.000000    	  57.000000    	  1465.5627    	  113.26521    
  57.000000    	  58.000000    	  1673.2303    	  112.34789    
  58.000000    	  59.000000    	  1493.8434    	  110.69999    
  59.000000    	  60.000000    	  1481.5007    	  103.04834    
  60.000000    	  61.000000    	  1121.9241    	  107.65969    
  61.000000    	  62.000000    	  1336.0732    	  105.98235    
  62.000000    	  63.000000    	  1212.3064    	  96.019458    
  63.000000    	  64.000000    	  1268.2875    	  92.484908    
  64.000000    	  65.000000    	  1184.5151    	  95.613869    
  65.000000    	  66.000000    	  1219.7638    	  92.325441    
  66.000000    	  67.000000    	  1064.1168    	  82.728931    
  67.000000    	  68.000000    	  1021.5865    	  87.702088    
  68.000000    	  69.000000    	  826.92930    	  86.916549    
  69.000000    	  70.000000    	  1034.8017    	  79.742587    
  70.000000    	  71.000000    	  883.71653    	  77.963940    
  71.000000    	  72.000000    	  863.95823    	  87.933523    
  72.000000    	  73.000000    	  967.01950    	  88.541645    
  73.000000    	  74.000000    	  837.16443    	  83.342050    
  74.000000    	  75.000000    	  794.21286    	  75.745076    
  75.000000    	  76.000000    	  701.85322    	  74.180777    
  76.000000    	  77.000000    	  663.52469    	  67.853790    
  77.000000    	  78.000000    	  640.20024    	  73.070313    
  78.000000    	  79.000000    	  843.88439    	  82.197605    
  79.000000    	  80.000000    	  739.86130    	  77.850410    
  80.000000    	  81.000000    	  461.30266    	  64.808713    
  81.000000    	  82.000000    	  636.72631    	  64.408469    
  82.000000    	  83.000000    	  628.69447    	  63.132391    
  83.000000    	  84.000000    	  513.16299    	  60.742519    
  84.000000    	  85.000000    	  444.09819    	  59.445832    
  85.000000    	  86.000000    	  536.00251    	  62.935588    
  86.000000    	  87.000000    	  420.14681    	  55.067702    
  87.000000    	  88.000000    	  450.98493    	  50.836165    
  88.000000    	  89.000000    	  606.14302    	  55.759575    
  89.000000    	  90.000000    	  370.71268    	  52.401479    
  90.000000    	  91.000000    	  436.21192    	  51.997719    
  91.000000    	  92.000000    	  470.22554    	  51.013879    
  92.000000    	  93.000000    	  358.27262    	  46.090912    
  93.000000    	  94.000000    	  405.10434    	  46.563440    
  94.000000    	  95.000000    	  419.71957    	  46.467832    
  95.000000    	  96.000000    	  404.45172    	  44.256212    
  96.000000    	  97.000000    	  281.71451    	  42.479275    
  97.000000    	  98.000000    	  365.42286    	  41.414462    
  98.000000    	  99.000000    	  327.43286    	  37.421993    
  99.000000    	  100.00000    	  294.97889    	  37.691443    
