# pt34_7    
# underflow	  0.0000000    	  0.0000000    
# overflow	  12316.332    	  200.65480    
# sum	  1996032.3    	  20289.525    
# xmin	xmax	cross	numerror
  0.0000000    	  1.0000000    	  6245.3208    	  1334.5160    
  1.0000000    	  2.0000000    	  225602.05    	  5524.7649    
  2.0000000    	  3.0000000    	  195353.13    	  4159.4679    
  3.0000000    	  4.0000000    	  159854.44    	  4000.2661    
  4.0000000    	  5.0000000    	  132726.90    	  3785.5159    
  5.0000000    	  6.0000000    	  111038.39    	  3675.6250    
  6.0000000    	  7.0000000    	  91765.156    	  3388.6495    
  7.0000000    	  8.0000000    	  76994.082    	  3091.7089    
  8.0000000    	  9.0000000    	  70281.789    	  3161.8266    
  9.0000000    	  10.000000    	  64053.799    	  3122.9848    
  10.000000    	  11.000000    	  55422.057    	  2856.5780    
  11.000000    	  12.000000    	  50704.925    	  2837.4971    
  12.000000    	  13.000000    	  40378.212    	  2338.1707    
  13.000000    	  14.000000    	  42809.941    	  2690.4544    
  14.000000    	  15.000000    	  32383.025    	  2050.5546    
  15.000000    	  16.000000    	  36257.488    	  2623.7556    
  16.000000    	  17.000000    	  31620.163    	  2312.4710    
  17.000000    	  18.000000    	  29238.125    	  2257.1806    
  18.000000    	  19.000000    	  27525.809    	  2309.2672    
  19.000000    	  20.000000    	  23294.542    	  1903.7948    
  20.000000    	  21.000000    	  17474.418    	  1479.9495    
  21.000000    	  22.000000    	  24207.576    	  2222.9585    
  22.000000    	  23.000000    	  19710.161    	  1900.6042    
  23.000000    	  24.000000    	  17714.901    	  1771.5140    
  24.000000    	  25.000000    	  14083.940    	  1457.8170    
  25.000000    	  26.000000    	  16812.003    	  1734.5275    
  26.000000    	  27.000000    	  15019.657    	  1696.6129    
  27.000000    	  28.000000    	  15169.547    	  1693.9488    
  28.000000    	  29.000000    	  12512.729    	  1488.1398    
  29.000000    	  30.000000    	  13343.717    	  1610.9877    
  30.000000    	  31.000000    	  12498.504    	  1635.6648    
  31.000000    	  32.000000    	  12137.784    	  1664.2953    
  32.000000    	  33.000000    	  9160.6296    	  1251.6901    
  33.000000    	  34.000000    	  10061.772    	  1333.0325    
  34.000000    	  35.000000    	  9952.4743    	  1722.5760    
  35.000000    	  36.000000    	  9895.5202    	  1520.2451    
  36.000000    	  37.000000    	  9392.1754    	  1581.2311    
  37.000000    	  38.000000    	  8600.9615    	  1643.1653    
  38.000000    	  39.000000    	  7373.7811    	  1155.8607    
  39.000000    	  40.000000    	  7468.5540    	  1259.5834    
  40.000000    	  41.000000    	  6505.9155    	  1213.0602    
  41.000000    	  42.000000    	  6341.9298    	  1194.7751    
  42.000000    	  43.000000    	  8352.3014    	  1825.0908    
  43.000000    	  44.000000    	  5960.6194    	  1382.6873    
  44.000000    	  45.000000    	  6834.7536    	  1513.1256    
  45.000000    	  46.000000    	  7424.7601    	  1686.2700    
  46.000000    	  47.000000    	  7324.7187    	  1694.5969    
  47.000000    	  48.000000    	  8896.7274    	  2411.0597    
  48.000000    	  49.000000    	  5632.8304    	  1600.9484    
  49.000000    	  50.000000    	  7868.4219    	  2157.2268    
  50.000000    	  51.000000    	  6358.1081    	  2148.5543    
  51.000000    	  52.000000    	  5589.0222    	  1616.9907    
  52.000000    	  53.000000    	  5858.2137    	  1516.8090    
  53.000000    	  54.000000    	  4639.7198    	  1339.7532    
  54.000000    	  55.000000    	  5629.2988    	  1889.5835    
  55.000000    	  56.000000    	  5020.3184    	  1676.5361    
  56.000000    	  57.000000    	  5021.9871    	  1443.8363    
  57.000000    	  58.000000    	  4790.2616    	  1718.6221    
  58.000000    	  59.000000    	  1364.4116    	  203.94997    
  59.000000    	  60.000000    	  9888.6188    	  3955.9372    
  60.000000    	  61.000000    	  4310.5123    	  1790.5314    
  61.000000    	  62.000000    	  4588.4344    	  2035.7798    
  62.000000    	  63.000000    	  7145.8145    	  2792.1078    
  63.000000    	  64.000000    	  4324.4499    	  1956.9913    
  64.000000    	  65.000000    	  4656.3102    	  1734.4099    
  65.000000    	  66.000000    	  4816.4546    	  1833.1979    
  66.000000    	  67.000000    	  4047.9870    	  2301.4627    
  67.000000    	  68.000000    	  3825.2432    	  1332.8963    
  68.000000    	  69.000000    	  5363.9072    	  2673.1580    
  69.000000    	  70.000000    	  4935.6865    	  3051.3914    
  70.000000    	  71.000000    	  868.45721    	  104.49422    
  71.000000    	  72.000000    	  5491.0432    	  3227.8762    
  72.000000    	  73.000000    	  5401.0563    	  2410.5670    
  73.000000    	  74.000000    	  3576.3761    	  2163.0524    
  74.000000    	  75.000000    	  4186.0330    	  3628.7943    
  75.000000    	  76.000000    	  4241.9739    	  2561.7845    
  76.000000    	  77.000000    	  3143.1731    	  1508.6059    
  77.000000    	  78.000000    	  2558.5657    	  1563.4160    
  78.000000    	  79.000000    	  2944.7203    	  1697.5943    
  79.000000    	  80.000000    	  2664.4754    	  1190.0466    
  80.000000    	  81.000000    	  572.44571    	  72.712299    
  81.000000    	  82.000000    	  682.52054    	  66.960721    
  82.000000    	  83.000000    	  694.54268    	  64.676239    
  83.000000    	  84.000000    	  391.11815    	  64.597131    
  84.000000    	  85.000000    	  554.60128    	  58.635744    
  85.000000    	  86.000000    	  548.99182    	  56.188801    
  86.000000    	  87.000000    	  469.02075    	  53.155326    
  87.000000    	  88.000000    	  508.64553    	  49.655624    
  88.000000    	  89.000000    	  427.34577    	  55.775207    
  89.000000    	  90.000000    	  486.04955    	  54.911065    
  90.000000    	  91.000000    	  376.62225    	  48.098058    
  91.000000    	  92.000000    	  424.30331    	  51.863310    
  92.000000    	  93.000000    	  557.07188    	  49.676800    
  93.000000    	  94.000000    	  359.42123    	  47.270028    
  94.000000    	  95.000000    	  361.63193    	  46.367998    
  95.000000    	  96.000000    	  453.06441    	  45.657417    
  96.000000    	  97.000000    	  326.70111    	  42.888643    
  97.000000    	  98.000000    	  382.25701    	  41.828051    
  98.000000    	  99.000000    	  255.90982    	  46.109715    
  99.000000    	  100.00000    	  349.94123    	  47.988818    
