# pt34_3    
# underflow	  0.0000000    	  0.0000000    
# overflow	  55.735731    	  2.8596713    
# sum	  164397.41    	  10915.232    
# xmin	xmax	cross	numerror
  0.0000000    	  1.0000000    	  1115.7105    	  453.26031    
  1.0000000    	  2.0000000    	  19793.909    	  5667.9475    
  2.0000000    	  3.0000000    	  17950.090    	  3920.9441    
  3.0000000    	  4.0000000    	  22009.487    	  4072.2320    
  4.0000000    	  5.0000000    	  8955.7947    	  2983.3526    
  5.0000000    	  6.0000000    	  10618.194    	  2418.4600    
  6.0000000    	  7.0000000    	  13982.587    	  2890.7335    
  7.0000000    	  8.0000000    	  9048.4675    	  2283.2001    
  8.0000000    	  9.0000000    	  13450.489    	  2605.2487    
  9.0000000    	  10.000000    	  2874.0409    	  1246.1492    
  10.000000    	  11.000000    	  1571.7337    	  1050.8885    
  11.000000    	  12.000000    	  5461.0705    	  1445.7982    
  12.000000    	  13.000000    	  7399.8413    	  1837.0929    
  13.000000    	  14.000000    	  1343.6493    	  784.00642    
  14.000000    	  15.000000    	  3487.9323    	  1047.0785    
  15.000000    	  16.000000    	  1594.6485    	  711.17741    
  16.000000    	  17.000000    	  1733.4246    	  793.75698    
  17.000000    	  18.000000    	  672.20009    	  622.59320    
  18.000000    	  19.000000    	  585.31422    	  442.92873    
  19.000000    	  20.000000    	  1318.8088    	  663.53952    
  20.000000    	  21.000000    	  565.29800    	  463.55141    
  21.000000    	  22.000000    	  1099.2082    	  408.56069    
  22.000000    	  23.000000    	  141.64674    	  357.99110    
  23.000000    	  24.000000    	  437.72477    	  324.61634    
  24.000000    	  25.000000    	  1243.0776    	  391.99331    
  25.000000    	  26.000000    	  385.18078    	  296.24486    
  26.000000    	  27.000000    	  250.10712    	  255.81087    
  27.000000    	  28.000000    	  267.22825    	  263.09328    
  28.000000    	  29.000000    	  466.03363    	  266.66022    
  29.000000    	  30.000000    	  343.94635    	  252.84218    
  30.000000    	  31.000000    	  1101.9739    	  135.73168    
  31.000000    	  32.000000    	  203.75904    	  181.68729    
  32.000000    	  33.000000    	  465.45317    	  167.51248    
  33.000000    	  34.000000    	  1479.5235    	  380.38326    
  34.000000    	  35.000000    	  574.17792    	  106.97788    
  35.000000    	  36.000000    	  810.95744    	  91.530959    
  36.000000    	  37.000000    	  878.36692    	  147.28436    
  37.000000    	  38.000000    	  878.51776    	  254.82528    
  38.000000    	  39.000000    	  566.80851    	  90.710512    
  39.000000    	  40.000000    	  111.03644    	  109.46390    
  40.000000    	  41.000000    	  323.36805    	  65.973599    
  41.000000    	  42.000000    	  421.65403    	  53.094257    
  42.000000    	  43.000000    	  524.07926    	  67.878374    
  43.000000    	  44.000000    	  287.46691    	  46.815103    
  44.000000    	  45.000000    	  303.07188    	  50.035550    
  45.000000    	  46.000000    	  412.88645    	  50.620711    
  46.000000    	  47.000000    	  233.61922    	  42.217759    
  47.000000    	  48.000000    	  698.74010    	  347.96729    
  48.000000    	  49.000000    	  1031.4185    	  636.87020    
  49.000000    	  50.000000    	  346.31426    	  118.33213    
  50.000000    	  51.000000    	  231.68712    	  78.822429    
  51.000000    	  52.000000    	  1177.1577    	  884.16858    
  52.000000    	  53.000000    	  231.69815    	  71.271414    
  53.000000    	  54.000000    	  818.98052    	  507.10084    
  54.000000    	  55.000000    	  133.50713    	  33.133882    
  55.000000    	  56.000000    	 -54.292041    	  236.59284    
  56.000000    	  57.000000    	  188.41534    	  64.305819    
  57.000000    	  58.000000    	  71.464942    	  92.792613    
  58.000000    	  59.000000    	  96.153261    	  19.848730    
  59.000000    	  60.000000    	  48.916691    	  64.239757    
  60.000000    	  61.000000    	  427.40736    	  322.56746    
  61.000000    	  62.000000    	  110.37608    	  22.606266    
  62.000000    	  63.000000    	  533.75207    	  405.73315    
  63.000000    	  64.000000    	  146.57996    	  59.802892    
  64.000000    	  65.000000    	  109.17785    	  140.19535    
  65.000000    	  66.000000    	 -52.374116    	  97.976393    
  66.000000    	  67.000000    	  41.717255    	  20.648777    
  67.000000    	  68.000000    	  599.59825    	  552.28054    
  68.000000    	  69.000000    	  81.464821    	  40.031707    
  69.000000    	  70.000000    	 -278.01632    	  319.07813    
  70.000000    	  71.000000    	  191.05785    	  105.71068    
  71.000000    	  72.000000    	  13.645499    	  12.355583    
  72.000000    	  73.000000    	 -1705.5742    	  1733.8850    
  73.000000    	  74.000000    	  69.487969    	  35.183052    
  74.000000    	  75.000000    	 -924.08009    	  907.93093    
  75.000000    	  76.000000    	 -155.53682    	  172.10368    
  76.000000    	  77.000000    	  17.979361    	  5.4613075    
  77.000000    	  78.000000    	  65.535151    	  35.273465    
  78.000000    	  79.000000    	  51.370780    	  29.953511    
  79.000000    	  80.000000    	  59.865860    	  74.103330    
  80.000000    	  81.000000    	  23.929950    	  4.5108723    
  81.000000    	  82.000000    	  18.361373    	  3.3294121    
  82.000000    	  83.000000    	  9.9896825    	  3.8412715    
  83.000000    	  84.000000    	  14.437566    	  3.9297308    
  84.000000    	  85.000000    	  10.653717    	  3.7430533    
  85.000000    	  86.000000    	  9.6929674    	  2.6814943    
  86.000000    	  87.000000    	  9.5645210    	  3.0809273    
  87.000000    	  88.000000    	  6.4794699    	  2.7027700    
  88.000000    	  89.000000    	  8.8121735    	  2.3246444    
  89.000000    	  90.000000    	  8.7800346    	  2.1843346    
  90.000000    	  91.000000    	  6.0484037    	  2.0737978    
  91.000000    	  92.000000    	  3.1725834    	  1.4398115    
  92.000000    	  93.000000    	  8.5689955    	  1.8675528    
  93.000000    	  94.000000    	  5.6743165    	  1.6465852    
  94.000000    	  95.000000    	  6.6307330    	  1.5371966    
  95.000000    	  96.000000    	  4.5178712    	  1.1196876    
  96.000000    	  97.000000    	  5.1728896    	  1.3944823    
  97.000000    	  98.000000    	  5.0287772    	  1.3446483    
  98.000000    	  99.000000    	  5.4110653    	  1.0510728    
  99.000000    	  100.00000    	  3.5821575    	  1.0593492    
