# pt34_26   
# underflow	  0.0000000    	  0.0000000    
# overflow	  5873.4536    	  140.60564    
# sum	  421909.64    	  17427.860    
# xmin	xmax	cross	numerror
  0.0000000    	  1.0000000    	  1436.7594    	  544.78353    
  1.0000000    	  2.0000000    	  10063.069    	  3602.6896    
  2.0000000    	  3.0000000    	  16587.349    	  3132.6055    
  3.0000000    	  4.0000000    	  19543.425    	  3029.4060    
  4.0000000    	  5.0000000    	  15893.628    	  2889.4635    
  5.0000000    	  6.0000000    	  18284.170    	  2737.6419    
  6.0000000    	  7.0000000    	  17103.183    	  2634.0795    
  7.0000000    	  8.0000000    	  15272.840    	  2466.1863    
  8.0000000    	  9.0000000    	  11897.717    	  2282.8518    
  9.0000000    	  10.000000    	  13171.999    	  2300.4595    
  10.000000    	  11.000000    	  12001.535    	  2155.7084    
  11.000000    	  12.000000    	  12091.538    	  2215.2198    
  12.000000    	  13.000000    	  9982.5874    	  1973.9193    
  13.000000    	  14.000000    	  9383.1786    	  1956.5190    
  14.000000    	  15.000000    	  8761.8776    	  1848.0813    
  15.000000    	  16.000000    	  7678.2211    	  1729.8093    
  16.000000    	  17.000000    	  7397.4549    	  1672.0432    
  17.000000    	  18.000000    	  6313.9733    	  1535.1620    
  18.000000    	  19.000000    	  6546.5343    	  1615.6236    
  19.000000    	  20.000000    	  4857.4044    	  1378.3099    
  20.000000    	  21.000000    	  6378.9531    	  1625.3808    
  21.000000    	  22.000000    	  6274.5222    	  1738.9494    
  22.000000    	  23.000000    	  3840.9769    	  1266.5060    
  23.000000    	  24.000000    	  3336.7915    	  1199.2226    
  24.000000    	  25.000000    	  4355.9560    	  1348.6748    
  25.000000    	  26.000000    	  4365.4416    	  1303.8409    
  26.000000    	  27.000000    	  4245.0852    	  1254.0837    
  27.000000    	  28.000000    	  3255.1497    	  1114.8382    
  28.000000    	  29.000000    	  3772.7916    	  1413.0277    
  29.000000    	  30.000000    	  4136.2001    	  1262.7477    
  30.000000    	  31.000000    	  3733.9811    	  1107.8304    
  31.000000    	  32.000000    	  2935.3716    	  1030.6813    
  32.000000    	  33.000000    	  4704.6944    	  1782.3063    
  33.000000    	  34.000000    	  4070.9328    	  1334.5218    
  34.000000    	  35.000000    	  4190.2948    	  1455.9473    
  35.000000    	  36.000000    	  2995.4938    	  967.02800    
  36.000000    	  37.000000    	  3363.9875    	  1232.9302    
  37.000000    	  38.000000    	  3580.8781    	  1297.2127    
  38.000000    	  39.000000    	  4125.9226    	  1354.4405    
  39.000000    	  40.000000    	  5372.0032    	  2486.8869    
  40.000000    	  41.000000    	  2948.6694    	  1627.0162    
  41.000000    	  42.000000    	  3718.9287    	  1218.1043    
  42.000000    	  43.000000    	  3337.7171    	  1255.9642    
  43.000000    	  44.000000    	  3341.1799    	  1679.7644    
  44.000000    	  45.000000    	  3855.9005    	  1637.1697    
  45.000000    	  46.000000    	  3179.3838    	  1635.0195    
  46.000000    	  47.000000    	  3106.9649    	  1568.2075    
  47.000000    	  48.000000    	  2570.7125    	  1187.7384    
  48.000000    	  49.000000    	  3486.2316    	  1494.2289    
  49.000000    	  50.000000    	  3371.0392    	  2139.4423    
  50.000000    	  51.000000    	  3072.0540    	  1187.0241    
  51.000000    	  52.000000    	  3872.6236    	  2613.3924    
  52.000000    	  53.000000    	  2939.7708    	  2706.4496    
  53.000000    	  54.000000    	  3389.0163    	  1934.9791    
  54.000000    	  55.000000    	  422.35028    	  212.68507    
  55.000000    	  56.000000    	  2528.3252    	  1394.6906    
  56.000000    	  57.000000    	  3524.6536    	  1941.8937    
  57.000000    	  58.000000    	  2862.4454    	  1944.1845    
  58.000000    	  59.000000    	  3175.3527    	  1604.4388    
  59.000000    	  60.000000    	  2440.5788    	  1730.6114    
  60.000000    	  61.000000    	  3229.0485    	  2164.2683    
  61.000000    	  62.000000    	  4003.3549    	  2376.6752    
  62.000000    	  63.000000    	  2612.3926    	  2579.3808    
  63.000000    	  64.000000    	  1141.0217    	  979.49245    
  64.000000    	  65.000000    	  4469.0749    	  4342.3747    
  65.000000    	  66.000000    	  3663.6118    	  2569.1995    
  66.000000    	  67.000000    	  216.68999    	  153.40701    
  67.000000    	  68.000000    	  2204.9384    	  1192.1697    
  68.000000    	  69.000000    	  744.92890    	  1637.9475    
  69.000000    	  70.000000    	  152.29485    	  175.07662    
  70.000000    	  71.000000    	  3152.1868    	  2232.8682    
  71.000000    	  72.000000    	  4674.3412    	  4635.5491    
  72.000000    	  73.000000    	  2257.9640    	  2125.0697    
  73.000000    	  74.000000    	  2584.6063    	  2433.3218    
  74.000000    	  75.000000    	 -133.17567    	  163.64292    
  75.000000    	  76.000000    	  2359.3959    	  1951.2693    
  76.000000    	  77.000000    	  3309.3842    	  2303.1691    
  77.000000    	  78.000000    	  19.713830    	  133.45542    
  78.000000    	  79.000000    	  88.863748    	  92.532896    
  79.000000    	  80.000000    	  2578.4286    	  2434.2760    
  80.000000    	  81.000000    	  322.45023    	  50.393805    
  81.000000    	  82.000000    	  227.01406    	  50.012495    
  82.000000    	  83.000000    	  319.80146    	  41.468541    
  83.000000    	  84.000000    	  300.55858    	  37.440744    
  84.000000    	  85.000000    	  197.87514    	  38.695420    
  85.000000    	  86.000000    	  271.39961    	  41.616148    
  86.000000    	  87.000000    	  240.70051    	  40.537126    
  87.000000    	  88.000000    	  230.70335    	  38.871420    
  88.000000    	  89.000000    	  209.56501    	  35.262905    
  89.000000    	  90.000000    	  189.24477    	  32.812073    
  90.000000    	  91.000000    	  254.04768    	  32.172014    
  91.000000    	  92.000000    	  159.51496    	  33.049775    
  92.000000    	  93.000000    	  189.03711    	  34.251399    
  93.000000    	  94.000000    	  129.93349    	  28.656348    
  94.000000    	  95.000000    	  195.10043    	  26.673872    
  95.000000    	  96.000000    	  166.76791    	  27.552639    
  96.000000    	  97.000000    	  175.55421    	  29.300763    
  97.000000    	  98.000000    	  140.94636    	  26.176404    
  98.000000    	  99.000000    	  195.17930    	  26.210593    
  99.000000    	  100.00000    	  143.95204    	  27.840415    
