# pt34_31   
# underflow	  0.0000000    	  0.0000000    
# overflow	  3321.6539    	  109.22880    
# sum	  326351.45    	  15064.908    
# xmin	xmax	cross	numerror
  0.0000000    	  1.0000000    	  240.28593    	  140.37350    
  1.0000000    	  2.0000000    	  12784.714    	  4251.7682    
  2.0000000    	  3.0000000    	  12658.085    	  3330.3848    
  3.0000000    	  4.0000000    	  17326.893    	  3157.7701    
  4.0000000    	  5.0000000    	  17756.154    	  2969.0695    
  5.0000000    	  6.0000000    	  17704.224    	  2704.2632    
  6.0000000    	  7.0000000    	  15294.137    	  2797.4183    
  7.0000000    	  8.0000000    	  14933.253    	  2419.2401    
  8.0000000    	  9.0000000    	  12087.858    	  2443.2282    
  9.0000000    	  10.000000    	  12054.391    	  2262.0458    
  10.000000    	  11.000000    	  10957.657    	  2181.8396    
  11.000000    	  12.000000    	  10461.118    	  2116.1448    
  12.000000    	  13.000000    	  8904.2427    	  1969.5467    
  13.000000    	  14.000000    	  7422.1509    	  1708.5173    
  14.000000    	  15.000000    	  4829.9537    	  1323.7887    
  15.000000    	  16.000000    	  3837.7588    	  1171.7611    
  16.000000    	  17.000000    	  3860.2490    	  1245.0053    
  17.000000    	  18.000000    	  7168.2467    	  1669.0786    
  18.000000    	  19.000000    	  5096.2716    	  1412.2802    
  19.000000    	  20.000000    	  2922.8758    	  868.03450    
  20.000000    	  21.000000    	  3571.0342    	  1127.2373    
  21.000000    	  22.000000    	  2519.6732    	  891.30144    
  22.000000    	  23.000000    	  1789.3103    	  765.23025    
  23.000000    	  24.000000    	  3697.6567    	  996.06994    
  24.000000    	  25.000000    	  1793.6442    	  711.80683    
  25.000000    	  26.000000    	  1469.3202    	  745.95628    
  26.000000    	  27.000000    	  2090.9894    	  822.38700    
  27.000000    	  28.000000    	  2411.6129    	  883.41267    
  28.000000    	  29.000000    	  1939.0556    	  860.39701    
  29.000000    	  30.000000    	  1660.6771    	  733.88909    
  30.000000    	  31.000000    	  1426.0624    	  606.80213    
  31.000000    	  32.000000    	  2290.2928    	  964.60501    
  32.000000    	  33.000000    	  1863.3297    	  657.77742    
  33.000000    	  34.000000    	  2956.1709    	  1017.7473    
  34.000000    	  35.000000    	  1416.3598    	  563.13609    
  35.000000    	  36.000000    	  1610.3074    	  758.89036    
  36.000000    	  37.000000    	  2060.4432    	  652.08123    
  37.000000    	  38.000000    	  1637.1645    	  767.66809    
  38.000000    	  39.000000    	  2295.9585    	  702.51210    
  39.000000    	  40.000000    	  1930.2550    	  528.85254    
  40.000000    	  41.000000    	  1764.4624    	  852.34707    
  41.000000    	  42.000000    	  2174.2412    	  538.00053    
  42.000000    	  43.000000    	  1543.7314    	  800.29858    
  43.000000    	  44.000000    	  1255.2694    	  553.49730    
  44.000000    	  45.000000    	  1940.8488    	  771.59087    
  45.000000    	  46.000000    	  1328.9011    	  513.65946    
  46.000000    	  47.000000    	  1086.1140    	  691.63215    
  47.000000    	  48.000000    	  1598.0381    	  1048.5017    
  48.000000    	  49.000000    	  1714.4705    	  710.73272    
  49.000000    	  50.000000    	  1818.3471    	  559.28939    
  50.000000    	  51.000000    	  1703.8701    	  1065.1392    
  51.000000    	  52.000000    	  1225.8898    	  809.29898    
  52.000000    	  53.000000    	  1168.0628    	  425.00605    
  53.000000    	  54.000000    	  5234.6366    	  2502.2288    
  54.000000    	  55.000000    	  1511.7216    	  964.13441    
  55.000000    	  56.000000    	  2371.5012    	  1406.6631    
  56.000000    	  57.000000    	  2460.4563    	  1542.5802    
  57.000000    	  58.000000    	  1212.5837    	  366.26044    
  58.000000    	  59.000000    	  7244.1657    	  3858.8198    
  59.000000    	  60.000000    	  594.30223    	  85.874643    
  60.000000    	  61.000000    	  2908.0650    	  1903.9457    
  61.000000    	  62.000000    	  957.82895    	  465.71116    
  62.000000    	  63.000000    	  3186.7141    	  3148.9970    
  63.000000    	  64.000000    	  1398.9817    	  1150.7728    
  64.000000    	  65.000000    	  1356.6415    	  526.45698    
  65.000000    	  66.000000    	  2449.3227    	  2200.4708    
  66.000000    	  67.000000    	  2486.8306    	  1762.6544    
  67.000000    	  68.000000    	  905.11860    	  493.94278    
  68.000000    	  69.000000    	  1280.8759    	  907.08907    
  69.000000    	  70.000000    	  3605.5588    	  2478.7213    
  70.000000    	  71.000000    	  2178.1248    	  1391.5794    
  71.000000    	  72.000000    	  4239.9391    	  2864.0811    
  72.000000    	  73.000000    	  4623.6712    	  4264.6761    
  73.000000    	  74.000000    	  3912.7985    	  3750.1182    
  74.000000    	  75.000000    	  247.98485    	  49.955725    
  75.000000    	  76.000000    	  334.66165    	  133.37492    
  76.000000    	  77.000000    	  477.80170    	  215.65918    
  77.000000    	  78.000000    	  591.36755    	  358.58763    
  78.000000    	  79.000000    	  1149.5350    	  925.47435    
  79.000000    	  80.000000    	  248.31249    	  42.494005    
  80.000000    	  81.000000    	  227.87837    	  41.862751    
  81.000000    	  82.000000    	  62.273258    	  33.436733    
  82.000000    	  83.000000    	  229.31779    	  40.378453    
  83.000000    	  84.000000    	  230.11824    	  37.412623    
  84.000000    	  85.000000    	  211.94091    	  36.504601    
  85.000000    	  86.000000    	  135.03091    	  31.961718    
  86.000000    	  87.000000    	  104.01622    	  31.277921    
  87.000000    	  88.000000    	  133.16486    	  32.366451    
  88.000000    	  89.000000    	  107.37060    	  31.882989    
  89.000000    	  90.000000    	  181.09722    	  33.096943    
  90.000000    	  91.000000    	  112.63178    	  27.713237    
  91.000000    	  92.000000    	  175.16017    	  28.277219    
  92.000000    	  93.000000    	  87.375253    	  30.163609    
  93.000000    	  94.000000    	  158.54656    	  27.836753    
  94.000000    	  95.000000    	  146.98099    	  25.586459    
  95.000000    	  96.000000    	  72.457210    	  20.405032    
  96.000000    	  97.000000    	  91.828836    	  22.478849    
  97.000000    	  98.000000    	  75.587394    	  18.999728    
  98.000000    	  99.000000    	  147.41943    	  27.161728    
  99.000000    	  100.00000    	  118.01715    	  23.825587    
