# pt34_fine
# underflow	  0.0000000    	  0.0000000    
# overflow	  0.0000000    	  0.0000000    
# sum	  11094968.    	  60406.291    
# xmin	xmax	cross	numerror
  0.0000000    	  1.0000000    	  146587.50    	  7387.2910    
  1.0000000    	  2.0000000    	  423680.97    	  12141.390    
  2.0000000    	  3.0000000    	  585555.92    	  14004.339    
  3.0000000    	  4.0000000    	  645249.07    	  14758.473    
  4.0000000    	  5.0000000    	  646946.47    	  14469.849    
  5.0000000    	  6.0000000    	  585139.84    	  13285.903    
  6.0000000    	  7.0000000    	  571309.86    	  13535.549    
  7.0000000    	  8.0000000    	  526200.64    	  13071.444    
  8.0000000    	  9.0000000    	  484649.65    	  12588.704    
  9.0000000    	  10.000000    	  450286.66    	  12168.256    
  10.000000    	  11.000000    	  414561.90    	  11635.806    
  11.000000    	  12.000000    	  376836.06    	  11112.590    
  12.000000    	  13.000000    	  346813.04    	  10657.552    
  13.000000    	  14.000000    	  322540.61    	  10252.524    
  14.000000    	  15.000000    	  299162.22    	  9820.7641    
  15.000000    	  16.000000    	  275459.41    	  9496.1899    
  16.000000    	  17.000000    	  248565.84    	  8821.5246    
  17.000000    	  18.000000    	  230596.50    	  8660.8148    
  18.000000    	  19.000000    	  221898.88    	  8603.6280    
  19.000000    	  20.000000    	  200114.93    	  7903.5507    
  20.000000    	  21.000000    	  190178.77    	  7953.7892    
  21.000000    	  22.000000    	  172668.44    	  7574.3406    
  22.000000    	  23.000000    	  163531.51    	  7417.2048    
  23.000000    	  24.000000    	  158476.66    	  7348.8284    
  24.000000    	  25.000000    	  148571.50    	  6966.5739    
  25.000000    	  26.000000    	  132616.51    	  6511.6140    
  26.000000    	  27.000000    	  127691.65    	  6421.5059    
  27.000000    	  28.000000    	  121409.56    	  6366.5909    
  28.000000    	  29.000000    	  108524.63    	  6028.1503    
  29.000000    	  30.000000    	  108531.17    	  5975.4972    
  30.000000    	  31.000000    	  100602.45    	  5683.8767    
  31.000000    	  32.000000    	  93266.496    	  5416.6708    
  32.000000    	  33.000000    	  85115.327    	  5257.6390    
  33.000000    	  34.000000    	  84050.363    	  5330.1418    
  34.000000    	  35.000000    	  80824.079    	  5328.5148    
  35.000000    	  36.000000    	  74214.573    	  4992.8332    
  36.000000    	  37.000000    	  70705.399    	  4976.9086    
  37.000000    	  38.000000    	  67955.061    	  4792.6355    
  38.000000    	  39.000000    	  64291.679    	  4654.3229    
  39.000000    	  40.000000    	  59072.679    	  4400.8758    
  40.000000    	  41.000000    	  56074.653    	  4183.6708    
  41.000000    	  42.000000    	  54871.492    	  4264.2442    
  42.000000    	  43.000000    	  47813.243    	  3861.9983    
  43.000000    	  44.000000    	  48077.839    	  4010.7586    
  44.000000    	  45.000000    	  44517.383    	  3849.3104    
  45.000000    	  46.000000    	  42829.853    	  3804.0789    
  46.000000    	  47.000000    	  41781.872    	  3788.9932    
  47.000000    	  48.000000    	  38774.358    	  3571.3456    
  48.000000    	  49.000000    	  33714.219    	  3414.6651    
  49.000000    	  50.000000    	  33905.874    	  3408.5105    
  50.000000    	  51.000000    	  34625.814    	  3443.1098    
  51.000000    	  52.000000    	  26398.612    	  2968.9339    
  52.000000    	  53.000000    	  28441.166    	  3221.3186    
  53.000000    	  54.000000    	  28704.031    	  3209.2484    
  54.000000    	  55.000000    	  27174.830    	  3053.1653    
  55.000000    	  56.000000    	  23814.326    	  2839.5028    
  56.000000    	  57.000000    	  22623.646    	  3055.2449    
  57.000000    	  58.000000    	  22864.732    	  2773.5944    
  58.000000    	  59.000000    	  17265.352    	  2335.9048    
  59.000000    	  60.000000    	  21747.778    	  2604.4659    
  60.000000    	  61.000000    	  16562.733    	  2321.1011    
  61.000000    	  62.000000    	  15906.520    	  2448.0661    
  62.000000    	  63.000000    	  16860.374    	  2519.8028    
  63.000000    	  64.000000    	  15226.773    	  2312.8316    
  64.000000    	  65.000000    	  13835.220    	  2212.8814    
  65.000000    	  66.000000    	  11610.186    	  1802.1015    
  66.000000    	  67.000000    	  10989.764    	  1788.9658    
  67.000000    	  68.000000    	  11322.352    	  1987.4299    
  68.000000    	  69.000000    	  10226.583    	  2301.7546    
  69.000000    	  70.000000    	  8132.3039    	  1769.0882    
  70.000000    	  71.000000    	  2729.2427    	  885.96360    
  71.000000    	  72.000000    	  8516.3292    	  1830.6101    
  72.000000    	  73.000000    	  7448.2849    	  1791.1053    
  73.000000    	  74.000000    	  7590.7999    	  1524.2877    
  74.000000    	  75.000000    	  5605.6410    	  1365.7236    
  75.000000    	  76.000000    	  5153.1128    	  1244.3455    
  76.000000    	  77.000000    	  6575.6299    	  1380.8272    
  77.000000    	  78.000000    	  1459.0195    	  521.33151    
  78.000000    	  79.000000    	  4459.1022    	  1061.7933    
  79.000000    	  80.000000    	  4282.6005    	  1107.7287    
  80.000000    	  81.000000    	  0.0000000    	  0.0000000    
  81.000000    	  82.000000    	  0.0000000    	  0.0000000    
  82.000000    	  83.000000    	  0.0000000    	  0.0000000    
  83.000000    	  84.000000    	  0.0000000    	  0.0000000    
  84.000000    	  85.000000    	  0.0000000    	  0.0000000    
  85.000000    	  86.000000    	  0.0000000    	  0.0000000    
  86.000000    	  87.000000    	  0.0000000    	  0.0000000    
  87.000000    	  88.000000    	  0.0000000    	  0.0000000    
  88.000000    	  89.000000    	  0.0000000    	  0.0000000    
  89.000000    	  90.000000    	  0.0000000    	  0.0000000    
  90.000000    	  91.000000    	  0.0000000    	  0.0000000    
  91.000000    	  92.000000    	  0.0000000    	  0.0000000    
  92.000000    	  93.000000    	  0.0000000    	  0.0000000    
  93.000000    	  94.000000    	  0.0000000    	  0.0000000    
  94.000000    	  95.000000    	  0.0000000    	  0.0000000    
  95.000000    	  96.000000    	  0.0000000    	  0.0000000    
  96.000000    	  97.000000    	  0.0000000    	  0.0000000    
  97.000000    	  98.000000    	  0.0000000    	  0.0000000    
  98.000000    	  99.000000    	  0.0000000    	  0.0000000    
  99.000000    	  100.00000    	  0.0000000    	  0.0000000    
