# pt34_15   
# underflow	  0.0000000    	  0.0000000    
# overflow	  0.0000000    	  0.0000000    
# sum	  431424.22    	  18553.573    
# xmin	xmax	cross	numerror
  0.0000000    	  1.0000000    	  4363.0576    	  1157.4725    
  1.0000000    	  2.0000000    	  10241.245    	  1694.6194    
  2.0000000    	  3.0000000    	  14391.262    	  2006.7334    
  3.0000000    	  4.0000000    	  19853.237    	  2444.8258    
  4.0000000    	  5.0000000    	  19805.339    	  2433.8709    
  5.0000000    	  6.0000000    	  19335.491    	  2395.6176    
  6.0000000    	  7.0000000    	  16030.068    	  2200.4525    
  7.0000000    	  8.0000000    	  14467.491    	  2081.7155    
  8.0000000    	  9.0000000    	  13533.003    	  2038.6680    
  9.0000000    	  10.000000    	  14244.369    	  2120.8175    
  10.000000    	  11.000000    	  8912.2902    	  1653.8341    
  11.000000    	  12.000000    	  7975.4458    	  1564.6183    
  12.000000    	  13.000000    	  7987.1746    	  1569.2680    
  13.000000    	  14.000000    	  10870.878    	  1841.2570    
  14.000000    	  15.000000    	  7109.4238    	  1463.5043    
  15.000000    	  16.000000    	  9224.4786    	  1717.0583    
  16.000000    	  17.000000    	  8150.4029    	  1569.0469    
  17.000000    	  18.000000    	  5382.2700    	  1291.2774    
  18.000000    	  19.000000    	  6730.7777    	  1537.4679    
  19.000000    	  20.000000    	  4861.9930    	  1174.6756    
  20.000000    	  21.000000    	  4087.5308    	  1124.1342    
  21.000000    	  22.000000    	  7313.2633    	  1556.3242    
  22.000000    	  23.000000    	  5071.7360    	  1330.0750    
  23.000000    	  24.000000    	  4093.2762    	  1148.4347    
  24.000000    	  25.000000    	  5107.0771    	  1497.3859    
  25.000000    	  26.000000    	  5709.4963    	  1421.6688    
  26.000000    	  27.000000    	  3738.7910    	  1177.9470    
  27.000000    	  28.000000    	  4543.6755    	  1254.4021    
  28.000000    	  29.000000    	  3876.8095    	  1208.7066    
  29.000000    	  30.000000    	  3723.0937    	  1132.9638    
  30.000000    	  31.000000    	  4030.7914    	  1197.3358    
  31.000000    	  32.000000    	  3166.1280    	  1087.2388    
  32.000000    	  33.000000    	  3042.2232    	  1027.1204    
  33.000000    	  34.000000    	  3806.0069    	  1390.5920    
  34.000000    	  35.000000    	  3920.8722    	  1601.6585    
  35.000000    	  36.000000    	  3840.1926    	  1247.7745    
  36.000000    	  37.000000    	  3811.6475    	  1490.5735    
  37.000000    	  38.000000    	  4091.7469    	  1652.7565    
  38.000000    	  39.000000    	  2634.9362    	  971.83418    
  39.000000    	  40.000000    	  3453.6901    	  1417.1296    
  40.000000    	  41.000000    	  2853.7673    	  1297.1470    
  41.000000    	  42.000000    	  3791.8401    	  1609.3165    
  42.000000    	  43.000000    	  3359.6893    	  1520.0668    
  43.000000    	  44.000000    	  2666.0860    	  1358.1121    
  44.000000    	  45.000000    	  3276.5191    	  1473.0778    
  45.000000    	  46.000000    	  3216.4498    	  1464.7322    
  46.000000    	  47.000000    	  3207.6173    	  1327.3683    
  47.000000    	  48.000000    	  3134.8055    	  1599.4333    
  48.000000    	  49.000000    	  2971.1851    	  1489.9231    
  49.000000    	  50.000000    	  4138.3096    	  1985.9781    
  50.000000    	  51.000000    	  3697.4115    	  2148.9803    
  51.000000    	  52.000000    	  3341.5573    	  2375.6811    
  52.000000    	  53.000000    	  3594.2273    	  1629.3366    
  53.000000    	  54.000000    	  2553.1498    	  1925.8576    
  54.000000    	  55.000000    	  3393.2696    	  1711.8082    
  55.000000    	  56.000000    	  4506.6544    	  4506.6544    
  56.000000    	  57.000000    	  3374.7812    	  1406.3390    
  57.000000    	  58.000000    	  3169.3806    	  3169.3806    
  58.000000    	  59.000000    	  3275.1373    	  2331.9000    
  59.000000    	  60.000000    	  5045.0873    	  3092.6499    
  60.000000    	  61.000000    	  4424.2454    	  4424.2454    
  61.000000    	  62.000000    	  3292.1164    	  3292.1164    
  62.000000    	  63.000000    	  3847.6619    	  2224.6153    
  63.000000    	  64.000000    	  0.0000000    	  0.0000000    
  64.000000    	  65.000000    	  3686.7685    	  2144.9171    
  65.000000    	  66.000000    	  3321.5191    	  1668.1275    
  66.000000    	  67.000000    	  3724.9537    	  3724.9537    
  67.000000    	  68.000000    	  2541.0283    	  2541.0283    
  68.000000    	  69.000000    	  4558.3063    	  2671.0329    
  69.000000    	  70.000000    	  0.0000000    	  0.0000000    
  70.000000    	  71.000000    	  0.0000000    	  0.0000000    
  71.000000    	  72.000000    	  4541.1862    	  3226.0860    
  72.000000    	  73.000000    	  4583.3517    	  4583.3517    
  73.000000    	  74.000000    	  4051.3813    	  4051.3813    
  74.000000    	  75.000000    	  3627.4582    	  3627.4582    
  75.000000    	  76.000000    	  3620.4160    	  2560.0530    
  76.000000    	  77.000000    	  0.0000000    	  0.0000000    
  77.000000    	  78.000000    	  1626.5118    	  2016.8195    
  78.000000    	  79.000000    	  2858.3614    	  2858.3614    
  79.000000    	  80.000000    	  2019.3511    	  1430.1266    
  80.000000    	  81.000000    	  0.0000000    	  0.0000000    
  81.000000    	  82.000000    	  0.0000000    	  0.0000000    
  82.000000    	  83.000000    	  0.0000000    	  0.0000000    
  83.000000    	  84.000000    	  0.0000000    	  0.0000000    
  84.000000    	  85.000000    	  0.0000000    	  0.0000000    
  85.000000    	  86.000000    	  0.0000000    	  0.0000000    
  86.000000    	  87.000000    	  0.0000000    	  0.0000000    
  87.000000    	  88.000000    	  0.0000000    	  0.0000000    
  88.000000    	  89.000000    	  0.0000000    	  0.0000000    
  89.000000    	  90.000000    	  0.0000000    	  0.0000000    
  90.000000    	  91.000000    	  0.0000000    	  0.0000000    
  91.000000    	  92.000000    	  0.0000000    	  0.0000000    
  92.000000    	  93.000000    	  0.0000000    	  0.0000000    
  93.000000    	  94.000000    	  0.0000000    	  0.0000000    
  94.000000    	  95.000000    	  0.0000000    	  0.0000000    
  95.000000    	  96.000000    	  0.0000000    	  0.0000000    
  96.000000    	  97.000000    	  0.0000000    	  0.0000000    
  97.000000    	  98.000000    	  0.0000000    	  0.0000000    
  98.000000    	  99.000000    	  0.0000000    	  0.0000000    
  99.000000    	  100.00000    	  0.0000000    	  0.0000000    
