# pt34_15   
# underflow	  0.0000000    	  0.0000000    
# overflow	  4734.7828    	  115.01097    
# sum	  495874.16    	  15747.206    
# xmin	xmax	cross	numerror
  0.0000000    	  1.0000000    	  7810.9353    	  1498.9721    
  1.0000000    	  2.0000000    	  10387.972    	  5587.5468    
  2.0000000    	  3.0000000    	  38417.611    	  5135.1131    
  3.0000000    	  4.0000000    	  40527.483    	  4714.6932    
  4.0000000    	  5.0000000    	  33339.966    	  4270.6127    
  5.0000000    	  6.0000000    	  24329.193    	  3239.0999    
  6.0000000    	  7.0000000    	  33105.673    	  3895.2314    
  7.0000000    	  8.0000000    	  24859.507    	  3459.0925    
  8.0000000    	  9.0000000    	  18835.094    	  2911.2362    
  9.0000000    	  10.000000    	  15868.244    	  2821.3842    
  10.000000    	  11.000000    	  18961.837    	  2901.5529    
  11.000000    	  12.000000    	  11278.847    	  2225.0963    
  12.000000    	  13.000000    	  6546.2835    	  1829.6679    
  13.000000    	  14.000000    	  6399.9740    	  1683.7054    
  14.000000    	  15.000000    	  9437.7421    	  2086.1683    
  15.000000    	  16.000000    	  7296.0934    	  1666.5677    
  16.000000    	  17.000000    	  8343.1873    	  1645.1880    
  17.000000    	  18.000000    	  7102.4520    	  1730.6474    
  18.000000    	  19.000000    	  7155.8955    	  1941.2268    
  19.000000    	  20.000000    	  10031.371    	  1781.1014    
  20.000000    	  21.000000    	  4828.0404    	  1528.7244    
  21.000000    	  22.000000    	  6310.9109    	  1422.8014    
  22.000000    	  23.000000    	  4230.1942    	  1138.7330    
  23.000000    	  24.000000    	  1088.6963    	  791.73096    
  24.000000    	  25.000000    	  5430.2759    	  1539.5360    
  25.000000    	  26.000000    	  4767.8076    	  1222.4392    
  26.000000    	  27.000000    	  8487.3498    	  2091.7230    
  27.000000    	  28.000000    	  4985.2583    	  1138.5580    
  28.000000    	  29.000000    	  3985.5461    	  1065.6763    
  29.000000    	  30.000000    	  2237.5048    	  656.52983    
  30.000000    	  31.000000    	  2234.0371    	  609.00221    
  31.000000    	  32.000000    	  1526.4414    	  702.40878    
  32.000000    	  33.000000    	  6432.6431    	  1281.2495    
  33.000000    	  34.000000    	  3826.4104    	  1030.2691    
  34.000000    	  35.000000    	  2157.5781    	  659.11786    
  35.000000    	  36.000000    	  2231.1811    	  627.38347    
  36.000000    	  37.000000    	  2165.4636    	  519.62739    
  37.000000    	  38.000000    	  3412.7093    	  843.97070    
  38.000000    	  39.000000    	  2060.0514    	  727.19757    
  39.000000    	  40.000000    	  2960.9898    	  777.28656    
  40.000000    	  41.000000    	  2130.8277    	  556.29288    
  41.000000    	  42.000000    	  3283.5420    	  803.60825    
  42.000000    	  43.000000    	  3174.8108    	  723.47253    
  43.000000    	  44.000000    	  1013.0728    	  545.27951    
  44.000000    	  45.000000    	  2976.1359    	  542.41638    
  45.000000    	  46.000000    	  1380.6458    	  580.99701    
  46.000000    	  47.000000    	  1832.6029    	  572.67347    
  47.000000    	  48.000000    	  4564.2801    	  1749.1622    
  48.000000    	  49.000000    	  1533.7513    	  549.22753    
  49.000000    	  50.000000    	  3073.6375    	  858.13123    
  50.000000    	  51.000000    	  1481.7633    	  700.36477    
  51.000000    	  52.000000    	  2687.7705    	  510.14344    
  52.000000    	  53.000000    	  1298.8618    	  435.80828    
  53.000000    	  54.000000    	  2030.5450    	  471.11341    
  54.000000    	  55.000000    	  5307.5414    	  1793.7449    
  55.000000    	  56.000000    	  2589.3541    	  1207.5151    
  56.000000    	  57.000000    	  606.35878    	  212.97454    
  57.000000    	  58.000000    	  1459.7945    	  388.13605    
  58.000000    	  59.000000    	  1194.2879    	  260.77280    
  59.000000    	  60.000000    	  1084.9059    	  550.01512    
  60.000000    	  61.000000    	  1643.6189    	  650.81945    
  61.000000    	  62.000000    	  3647.7926    	  1714.9467    
  62.000000    	  63.000000    	  1351.1709    	  448.80407    
  63.000000    	  64.000000    	  1218.3763    	  349.72471    
  64.000000    	  65.000000    	  1015.4827    	  293.40242    
  65.000000    	  66.000000    	  1962.9068    	  594.78900    
  66.000000    	  67.000000    	  1169.3170    	  349.93752    
  67.000000    	  68.000000    	  941.19303    	  221.60599    
  68.000000    	  69.000000    	  3359.3733    	  2722.3421    
  69.000000    	  70.000000    	  2637.3539    	  2062.2444    
  70.000000    	  71.000000    	  775.96854    	  300.45133    
  71.000000    	  72.000000    	  1183.4361    	  397.21595    
  72.000000    	  73.000000    	  626.28520    	  161.29688    
  73.000000    	  74.000000    	  444.14524    	  140.98832    
  74.000000    	  75.000000    	  1004.7238    	  580.77136    
  75.000000    	  76.000000    	  469.92897    	  72.313133    
  76.000000    	  77.000000    	  1319.3038    	  670.03510    
  77.000000    	  78.000000    	  492.81260    	  156.42652    
  78.000000    	  79.000000    	  395.95113    	  76.639184    
  79.000000    	  80.000000    	  520.64873    	  116.31052    
  80.000000    	  81.000000    	  154.88823    	  52.473370    
  81.000000    	  82.000000    	  367.94346    	  64.200706    
  82.000000    	  83.000000    	  308.07264    	  57.145149    
  83.000000    	  84.000000    	  460.53495    	  54.661687    
  84.000000    	  85.000000    	  250.39403    	  45.438934    
  85.000000    	  86.000000    	  339.43209    	  46.078771    
  86.000000    	  87.000000    	  282.18083    	  44.843834    
  87.000000    	  88.000000    	  302.81085    	  48.747058    
  88.000000    	  89.000000    	  266.69165    	  56.439120    
  89.000000    	  90.000000    	  133.55916    	  38.708053    
  90.000000    	  91.000000    	  250.47458    	  34.836707    
  91.000000    	  92.000000    	  162.96231    	  37.411343    
  92.000000    	  93.000000    	  238.08723    	  34.635602    
  93.000000    	  94.000000    	  218.70057    	  34.752822    
  94.000000    	  95.000000    	  227.40551    	  37.946839    
  95.000000    	  96.000000    	  172.01443    	  35.624724    
  96.000000    	  97.000000    	  148.25755    	  29.929800    
  97.000000    	  98.000000    	  190.60164    	  30.506676    
  98.000000    	  99.000000    	  152.11654    	  31.572143    
  99.000000    	  100.00000    	  233.52246    	  35.834408    
