# pt34_5    
# underflow	  0.0000000    	  0.0000000    
# overflow	  12427.506    	  192.68776    
# sum	  973724.32    	  6753.7857    
# xmin	xmax	cross	numerror
  0.0000000    	  1.0000000    	  0.0000000    	  0.0000000    
  1.0000000    	  2.0000000    	  55464.308    	  4543.9428    
  2.0000000    	  3.0000000    	  98494.184    	  2666.0824    
  3.0000000    	  4.0000000    	  86381.323    	  1800.7378    
  4.0000000    	  5.0000000    	  73471.716    	  1546.2328    
  5.0000000    	  6.0000000    	  61370.843    	  1326.4604    
  6.0000000    	  7.0000000    	  52339.854    	  1081.6918    
  7.0000000    	  8.0000000    	  45070.211    	  959.86700    
  8.0000000    	  9.0000000    	  39184.766    	  894.80159    
  9.0000000    	  10.000000    	  34451.696    	  872.50803    
  10.000000    	  11.000000    	  29945.616    	  813.49808    
  11.000000    	  12.000000    	  26892.001    	  727.49363    
  12.000000    	  13.000000    	  24499.623    	  764.59939    
  13.000000    	  14.000000    	  21649.693    	  659.43489    
  14.000000    	  15.000000    	  21022.411    	  633.70121    
  15.000000    	  16.000000    	  17930.720    	  587.25197    
  16.000000    	  17.000000    	  17162.072    	  542.05982    
  17.000000    	  18.000000    	  14832.115    	  498.87087    
  18.000000    	  19.000000    	  13680.325    	  484.65095    
  19.000000    	  20.000000    	  13240.439    	  473.61329    
  20.000000    	  21.000000    	  11986.143    	  436.42152    
  21.000000    	  22.000000    	  10788.787    	  465.63044    
  22.000000    	  23.000000    	  10403.206    	  429.82446    
  23.000000    	  24.000000    	  10064.702    	  393.63827    
  24.000000    	  25.000000    	  9056.7663    	  382.46140    
  25.000000    	  26.000000    	  8403.6177    	  386.58302    
  26.000000    	  27.000000    	  8196.5751    	  378.82814    
  27.000000    	  28.000000    	  7888.8041    	  344.57031    
  28.000000    	  29.000000    	  6649.5238    	  307.96553    
  29.000000    	  30.000000    	  6639.8775    	  289.88497    
  30.000000    	  31.000000    	  5993.9470    	  276.78068    
  31.000000    	  32.000000    	  5403.8302    	  279.15771    
  32.000000    	  33.000000    	  5400.9202    	  266.68776    
  33.000000    	  34.000000    	  4880.9302    	  242.33318    
  34.000000    	  35.000000    	  5541.5873    	  245.27700    
  35.000000    	  36.000000    	  4436.1559    	  249.86482    
  36.000000    	  37.000000    	  4519.4432    	  245.29846    
  37.000000    	  38.000000    	  4137.6832    	  232.63913    
  38.000000    	  39.000000    	  4022.7797    	  206.45734    
  39.000000    	  40.000000    	  3628.0434    	  204.65544    
  40.000000    	  41.000000    	  3478.4950    	  192.84754    
  41.000000    	  42.000000    	  3727.1326    	  181.12496    
  42.000000    	  43.000000    	  3198.7457    	  189.67802    
  43.000000    	  44.000000    	  3164.9892    	  200.44991    
  44.000000    	  45.000000    	  2966.7435    	  173.48810    
  45.000000    	  46.000000    	  2822.0042    	  177.97463    
  46.000000    	  47.000000    	  2538.2980    	  178.75741    
  47.000000    	  48.000000    	  2554.6701    	  169.77067    
  48.000000    	  49.000000    	  2471.2857    	  170.32483    
  49.000000    	  50.000000    	  1974.7629    	  158.96014    
  50.000000    	  51.000000    	  2275.9752    	  152.82833    
  51.000000    	  52.000000    	  2236.8522    	  141.84830    
  52.000000    	  53.000000    	  2094.2033    	  147.18913    
  53.000000    	  54.000000    	  1731.0471    	  158.06697    
  54.000000    	  55.000000    	  1932.2549    	  141.82567    
  55.000000    	  56.000000    	  1565.9870    	  138.56972    
  56.000000    	  57.000000    	  1790.5205    	  128.16146    
  57.000000    	  58.000000    	  1722.3466    	  143.20766    
  58.000000    	  59.000000    	  1424.7044    	  123.76015    
  59.000000    	  60.000000    	  1432.4353    	  114.77986    
  60.000000    	  61.000000    	  1397.2671    	  100.33394    
  61.000000    	  62.000000    	  1413.4797    	  106.53106    
  62.000000    	  63.000000    	  1324.5548    	  104.77296    
  63.000000    	  64.000000    	  1230.8032    	  99.808891    
  64.000000    	  65.000000    	  1288.5136    	  95.420803    
  65.000000    	  66.000000    	  1093.8996    	  89.213161    
  66.000000    	  67.000000    	  1086.3513    	  87.551028    
  67.000000    	  68.000000    	  1034.0529    	  87.419842    
  68.000000    	  69.000000    	  1053.8922    	  89.253148    
  69.000000    	  70.000000    	  1206.3379    	  87.493530    
  70.000000    	  71.000000    	  825.79904    	  83.250063    
  71.000000    	  72.000000    	  873.41374    	  86.104379    
  72.000000    	  73.000000    	  887.68085    	  83.119568    
  73.000000    	  74.000000    	  811.89468    	  82.791534    
  74.000000    	  75.000000    	  761.52095    	  81.898095    
  75.000000    	  76.000000    	  756.54535    	  84.000258    
  76.000000    	  77.000000    	  698.91837    	  75.599599    
  77.000000    	  78.000000    	  765.04561    	  69.277860    
  78.000000    	  79.000000    	  706.27946    	  69.925769    
  79.000000    	  80.000000    	  773.63422    	  74.807193    
  80.000000    	  81.000000    	  455.62160    	  75.170919    
  81.000000    	  82.000000    	  657.34564    	  68.054566    
  82.000000    	  83.000000    	  566.37995    	  60.034484    
  83.000000    	  84.000000    	  576.64406    	  58.350915    
  84.000000    	  85.000000    	  499.63895    	  55.754873    
  85.000000    	  86.000000    	  557.37363    	  53.261848    
  86.000000    	  87.000000    	  572.37647    	  54.622555    
  87.000000    	  88.000000    	  516.26063    	  57.053893    
  88.000000    	  89.000000    	  504.36236    	  54.842281    
  89.000000    	  90.000000    	  447.16823    	  51.181165    
  90.000000    	  91.000000    	  442.84117    	  47.336542    
  91.000000    	  92.000000    	  432.91498    	  46.020621    
  92.000000    	  93.000000    	  385.80325    	  44.462110    
  93.000000    	  94.000000    	  341.07815    	  49.582174    
  94.000000    	  95.000000    	  439.49625    	  49.696814    
  95.000000    	  96.000000    	  349.44323    	  48.317038    
  96.000000    	  97.000000    	  353.17364    	  42.124087    
  97.000000    	  98.000000    	  309.43450    	  37.493328    
  98.000000    	  99.000000    	  365.45917    	  38.864651    
  99.000000    	  100.00000    	  303.42703    	  43.174384    
