# pt34_3    
# underflow	  0.0000000    	  0.0000000    
# overflow	  0.0000000    	  0.0000000    
# sum	 -968064.09    	  6357.1996    
# xmin	xmax	cross	numerror
  0.0000000    	  1.0000000    	  0.0000000    	  0.0000000    
  1.0000000    	  2.0000000    	 -54494.020    	  1351.9564    
  2.0000000    	  3.0000000    	 -97295.918    	  1881.8365    
  3.0000000    	  4.0000000    	 -86536.453    	  1828.1767    
  4.0000000    	  5.0000000    	 -73151.040    	  1702.7716    
  5.0000000    	  6.0000000    	 -61438.177    	  1576.4787    
  6.0000000    	  7.0000000    	 -52887.283    	  1470.9364    
  7.0000000    	  8.0000000    	 -45996.815    	  1377.6052    
  8.0000000    	  9.0000000    	 -39948.407    	  1287.8116    
  9.0000000    	  10.000000    	 -35557.446    	  1221.9125    
  10.000000    	  11.000000    	 -31202.378    	  1145.5365    
  11.000000    	  12.000000    	 -28182.040    	  1092.3397    
  12.000000    	  13.000000    	 -25181.655    	  1036.8694    
  13.000000    	  14.000000    	 -23071.222    	  992.39074    
  14.000000    	  15.000000    	 -20713.030    	  943.38057    
  15.000000    	  16.000000    	 -18838.104    	  902.60071    
  16.000000    	  17.000000    	 -17574.479    	  875.36128    
  17.000000    	  18.000000    	 -16336.101    	  841.47271    
  18.000000    	  19.000000    	 -15054.974    	  810.82712    
  19.000000    	  20.000000    	 -13556.192    	  770.66103    
  20.000000    	  21.000000    	 -12970.837    	  754.95095    
  21.000000    	  22.000000    	 -11586.876    	  714.60949    
  22.000000    	  23.000000    	 -11296.180    	  706.67403    
  23.000000    	  24.000000    	 -10316.346    	  675.20494    
  24.000000    	  25.000000    	 -9742.2748    	  660.36709    
  25.000000    	  26.000000    	 -9264.9626    	  645.33597    
  26.000000    	  27.000000    	 -8709.5686    	  625.19952    
  27.000000    	  28.000000    	 -7927.6800    	  595.97732    
  28.000000    	  29.000000    	 -7370.5422    	  582.65337    
  29.000000    	  30.000000    	 -7226.4611    	  572.82965    
  30.000000    	  31.000000    	 -6883.4617    	  557.28602    
  31.000000    	  32.000000    	 -6186.9224    	  534.31861    
  32.000000    	  33.000000    	 -5831.5194    	  508.73194    
  33.000000    	  34.000000    	 -5721.6441    	  520.39652    
  34.000000    	  35.000000    	 -5525.8626    	  500.15429    
  35.000000    	  36.000000    	 -4940.3416    	  481.86435    
  36.000000    	  37.000000    	 -4896.9975    	  475.92299    
  37.000000    	  38.000000    	 -4299.0127    	  440.02858    
  38.000000    	  39.000000    	 -4223.6223    	  455.25154    
  39.000000    	  40.000000    	 -2951.4768    	  370.01120    
  40.000000    	  41.000000    	 -3702.4147    	  417.53538    
  41.000000    	  42.000000    	 -3002.4159    	  386.55672    
  42.000000    	  43.000000    	 -3938.6846    	  432.17108    
  43.000000    	  44.000000    	 -3182.9399    	  375.92044    
  44.000000    	  45.000000    	 -1572.1435    	  283.20660    
  45.000000    	  46.000000    	 -2851.2940    	  376.63142    
  46.000000    	  47.000000    	 -3030.5144    	  383.29629    
  47.000000    	  48.000000    	 -1613.4340    	  267.97872    
  48.000000    	  49.000000    	 -2191.0540    	  329.67663    
  49.000000    	  50.000000    	 -2688.3334    	  399.80830    
  50.000000    	  51.000000    	 -1790.7131    	  299.93341    
  51.000000    	  52.000000    	 -1662.7892    	  299.17671    
  52.000000    	  53.000000    	 -1238.9262    	  238.73914    
  53.000000    	  54.000000    	 -2326.7200    	  320.32272    
  54.000000    	  55.000000    	 -1963.2522    	  336.24982    
  55.000000    	  56.000000    	 -1658.8373    	  328.03096    
  56.000000    	  57.000000    	 -1726.0865    	  309.87986    
  57.000000    	  58.000000    	 -1744.2274    	  319.60599    
  58.000000    	  59.000000    	 -1869.5259    	  320.20630    
  59.000000    	  60.000000    	 -1392.0097    	  256.43097    
  60.000000    	  61.000000    	 -1611.8280    	  284.79407    
  61.000000    	  62.000000    	 -1212.0291    	  225.66349    
  62.000000    	  63.000000    	 -1051.4957    	  245.26165    
  63.000000    	  64.000000    	 -1226.9359    	  320.36339    
  64.000000    	  65.000000    	 -1279.5575    	  338.24834    
  65.000000    	  66.000000    	 -1623.3013    	  435.47084    
  66.000000    	  67.000000    	 -911.90800    	  244.74160    
  67.000000    	  68.000000    	 -1009.6177    	  273.83127    
  68.000000    	  69.000000    	 -911.88868    	  225.56101    
  69.000000    	  70.000000    	 -736.56594    	  200.00307    
  70.000000    	  71.000000    	 -834.68760    	  215.60096    
  71.000000    	  72.000000    	 -881.84994    	  244.10435    
  72.000000    	  73.000000    	 -802.33540    	  222.08570    
  73.000000    	  74.000000    	 -727.27473    	  172.41296    
  74.000000    	  75.000000    	 -766.08172    	  182.50778    
  75.000000    	  76.000000    	 -634.51847    	  196.12839    
  76.000000    	  77.000000    	 -459.60115    	  138.96093    
  77.000000    	  78.000000    	 -488.58837    	  137.26353    
  78.000000    	  79.000000    	 -398.56381    	  113.52227    
  79.000000    	  80.000000    	 -460.82532    	  121.80798    
  80.000000    	  81.000000    	  0.0000000    	  0.0000000    
  81.000000    	  82.000000    	  0.0000000    	  0.0000000    
  82.000000    	  83.000000    	  0.0000000    	  0.0000000    
  83.000000    	  84.000000    	  0.0000000    	  0.0000000    
  84.000000    	  85.000000    	  0.0000000    	  0.0000000    
  85.000000    	  86.000000    	  0.0000000    	  0.0000000    
  86.000000    	  87.000000    	  0.0000000    	  0.0000000    
  87.000000    	  88.000000    	  0.0000000    	  0.0000000    
  88.000000    	  89.000000    	  0.0000000    	  0.0000000    
  89.000000    	  90.000000    	  0.0000000    	  0.0000000    
  90.000000    	  91.000000    	  0.0000000    	  0.0000000    
  91.000000    	  92.000000    	  0.0000000    	  0.0000000    
  92.000000    	  93.000000    	  0.0000000    	  0.0000000    
  93.000000    	  94.000000    	  0.0000000    	  0.0000000    
  94.000000    	  95.000000    	  0.0000000    	  0.0000000    
  95.000000    	  96.000000    	  0.0000000    	  0.0000000    
  96.000000    	  97.000000    	  0.0000000    	  0.0000000    
  97.000000    	  98.000000    	  0.0000000    	  0.0000000    
  98.000000    	  99.000000    	  0.0000000    	  0.0000000    
  99.000000    	  100.00000    	  0.0000000    	  0.0000000    
