# pt34_9    
# underflow	  0.0000000    	  0.0000000    
# overflow	  0.0000000    	  0.0000000    
# sum	  319013.32    	  12492.725    
# xmin	xmax	cross	numerror
  0.0000000    	  1.0000000    	  53.970443    	  44.455111    
  1.0000000    	  2.0000000    	  10161.588    	  1880.7232    
  2.0000000    	  3.0000000    	  17960.579    	  2472.0505    
  3.0000000    	  4.0000000    	  18202.153    	  2502.5059    
  4.0000000    	  5.0000000    	  18680.617    	  2511.8979    
  5.0000000    	  6.0000000    	  15910.698    	  2242.6737    
  6.0000000    	  7.0000000    	  17381.196    	  2480.9180    
  7.0000000    	  8.0000000    	  16378.830    	  2311.3225    
  8.0000000    	  9.0000000    	  11426.808    	  1903.2112    
  9.0000000    	  10.000000    	  9277.1616    	  1635.2467    
  10.000000    	  11.000000    	  7279.3697    	  1424.1115    
  11.000000    	  12.000000    	  10176.042    	  1847.7970    
  12.000000    	  13.000000    	  8847.8157    	  1705.2086    
  13.000000    	  14.000000    	  10044.215    	  1900.4998    
  14.000000    	  15.000000    	  5646.0129    	  1258.8805    
  15.000000    	  16.000000    	  5401.1203    	  1194.9072    
  16.000000    	  17.000000    	  6058.6806    	  1263.3249    
  17.000000    	  18.000000    	  3675.1509    	  986.44548    
  18.000000    	  19.000000    	  3901.2577    	  1061.7932    
  19.000000    	  20.000000    	  3790.4934    	  915.96317    
  20.000000    	  21.000000    	  6481.7727    	  1453.1105    
  21.000000    	  22.000000    	  2295.2389    	  864.28494    
  22.000000    	  23.000000    	  3973.9718    	  1073.7705    
  23.000000    	  24.000000    	  3797.3849    	  1144.3193    
  24.000000    	  25.000000    	  2020.6608    	  673.86855    
  25.000000    	  26.000000    	  2327.1029    	  849.51251    
  26.000000    	  27.000000    	  2130.0130    	  695.97227    
  27.000000    	  28.000000    	  2546.4126    	  875.28190    
  28.000000    	  29.000000    	  2240.9196    	  766.62495    
  29.000000    	  30.000000    	  2566.0496    	  916.53639    
  30.000000    	  31.000000    	  2180.7728    	  754.38127    
  31.000000    	  32.000000    	  2176.4303    	  888.59661    
  32.000000    	  33.000000    	  3189.9571    	  1080.4104    
  33.000000    	  34.000000    	  3352.8354    	  1362.3226    
  34.000000    	  35.000000    	  2555.2858    	  1209.4192    
  35.000000    	  36.000000    	  1946.2565    	  948.24176    
  36.000000    	  37.000000    	  1709.7778    	  696.12817    
  37.000000    	  38.000000    	  2235.9487    	  906.54783    
  38.000000    	  39.000000    	  2976.4744    	  1320.0147    
  39.000000    	  40.000000    	  3889.5700    	  1479.7104    
  40.000000    	  41.000000    	  3433.0486    	  1391.9973    
  41.000000    	  42.000000    	  1458.4179    	  625.08895    
  42.000000    	  43.000000    	  2419.3494    	  1456.2780    
  43.000000    	  44.000000    	  1657.8593    	  730.62322    
  44.000000    	  45.000000    	  1793.4783    	  755.05250    
  45.000000    	  46.000000    	  1599.2984    	  995.61768    
  46.000000    	  47.000000    	  1472.0733    	  868.61943    
  47.000000    	  48.000000    	  1404.7682    	  625.10404    
  48.000000    	  49.000000    	  1580.9683    	  965.15164    
  49.000000    	  50.000000    	  2565.6872    	  1325.1556    
  50.000000    	  51.000000    	  1389.8245    	  698.83798    
  51.000000    	  52.000000    	  2115.9669    	  1164.2752    
  52.000000    	  53.000000    	  0.0000000    	  0.0000000    
  53.000000    	  54.000000    	  1322.9433    	  753.76347    
  54.000000    	  55.000000    	  3686.1061    	  3017.0495    
  55.000000    	  56.000000    	  3669.9291    	  2133.3226    
  56.000000    	  57.000000    	  1044.5468    	  882.92037    
  57.000000    	  58.000000    	  4460.9755    	  3158.9365    
  58.000000    	  59.000000    	  2344.1902    	  1668.2080    
  59.000000    	  60.000000    	  1075.1214    	  690.32398    
  60.000000    	  61.000000    	  897.01915    	  710.92077    
  61.000000    	  62.000000    	  887.89020    	  750.09973    
  62.000000    	  63.000000    	  977.90654    	  789.79970    
  63.000000    	  64.000000    	  535.06868    	  942.35040    
  64.000000    	  65.000000    	  3894.1528    	  2753.6115    
  65.000000    	  66.000000    	  1061.3020    	  624.14938    
  66.000000    	  67.000000    	  2514.4533    	  1820.7630    
  67.000000    	  68.000000    	  1349.0267    	  1076.9688    
  68.000000    	  69.000000    	  0.0000000    	  0.0000000    
  69.000000    	  70.000000    	  0.0000000    	  0.0000000    
  70.000000    	  71.000000    	  922.12835    	  745.02030    
  71.000000    	  72.000000    	  0.0000000    	  0.0000000    
  72.000000    	  73.000000    	  776.73647    	  553.39039    
  73.000000    	  74.000000    	  2649.0302    	  2649.0302    
  74.000000    	  75.000000    	  384.40435    	  281.55857    
  75.000000    	  76.000000    	  0.0000000    	  0.0000000    
  76.000000    	  77.000000    	  1992.6061    	  1992.6061    
  77.000000    	  78.000000    	  461.02741    	  341.58849    
  78.000000    	  79.000000    	  2369.4174    	  1680.1590    
  79.000000    	  80.000000    	  0.0000000    	  0.0000000    
  80.000000    	  81.000000    	  0.0000000    	  0.0000000    
  81.000000    	  82.000000    	  0.0000000    	  0.0000000    
  82.000000    	  83.000000    	  0.0000000    	  0.0000000    
  83.000000    	  84.000000    	  0.0000000    	  0.0000000    
  84.000000    	  85.000000    	  0.0000000    	  0.0000000    
  85.000000    	  86.000000    	  0.0000000    	  0.0000000    
  86.000000    	  87.000000    	  0.0000000    	  0.0000000    
  87.000000    	  88.000000    	  0.0000000    	  0.0000000    
  88.000000    	  89.000000    	  0.0000000    	  0.0000000    
  89.000000    	  90.000000    	  0.0000000    	  0.0000000    
  90.000000    	  91.000000    	  0.0000000    	  0.0000000    
  91.000000    	  92.000000    	  0.0000000    	  0.0000000    
  92.000000    	  93.000000    	  0.0000000    	  0.0000000    
  93.000000    	  94.000000    	  0.0000000    	  0.0000000    
  94.000000    	  95.000000    	  0.0000000    	  0.0000000    
  95.000000    	  96.000000    	  0.0000000    	  0.0000000    
  96.000000    	  97.000000    	  0.0000000    	  0.0000000    
  97.000000    	  98.000000    	  0.0000000    	  0.0000000    
  98.000000    	  99.000000    	  0.0000000    	  0.0000000    
  99.000000    	  100.00000    	  0.0000000    	  0.0000000    
