# pt34_10   
# underflow	  0.0000000    	  0.0000000    
# overflow	  4751.3979    	  132.86116    
# sum	  375226.77    	  15944.955    
# xmin	xmax	cross	numerror
  0.0000000    	  1.0000000    	  198.40684    	  134.44592    
  1.0000000    	  2.0000000    	  14049.968    	  3974.1766    
  2.0000000    	  3.0000000    	  15252.060    	  3225.3634    
  3.0000000    	  4.0000000    	  19335.989    	  3189.0049    
  4.0000000    	  5.0000000    	  16487.226    	  2893.3946    
  5.0000000    	  6.0000000    	  14931.426    	  2477.1365    
  6.0000000    	  7.0000000    	  19073.412    	  2752.4227    
  7.0000000    	  8.0000000    	  14481.773    	  2564.5219    
  8.0000000    	  9.0000000    	  13438.300    	  2339.9036    
  9.0000000    	  10.000000    	  12644.282    	  2300.5196    
  10.000000    	  11.000000    	  11787.848    	  2124.8270    
  11.000000    	  12.000000    	  10699.418    	  2063.5700    
  12.000000    	  13.000000    	  9925.0991    	  2092.2764    
  13.000000    	  14.000000    	  5004.6374    	  1535.9988    
  14.000000    	  15.000000    	  7903.9550    	  1703.7311    
  15.000000    	  16.000000    	  7569.8963    	  1697.2590    
  16.000000    	  17.000000    	  4375.5261    	  1274.0738    
  17.000000    	  18.000000    	  6301.4508    	  1502.7193    
  18.000000    	  19.000000    	  5921.4280    	  1530.1493    
  19.000000    	  20.000000    	  4059.7387    	  1116.5474    
  20.000000    	  21.000000    	  2443.7387    	  943.56428    
  21.000000    	  22.000000    	  2883.8477    	  1014.0985    
  22.000000    	  23.000000    	  4083.5551    	  1266.7519    
  23.000000    	  24.000000    	  4054.2941    	  1168.6582    
  24.000000    	  25.000000    	  3807.1408    	  1209.8435    
  25.000000    	  26.000000    	  3508.3884    	  1055.4713    
  26.000000    	  27.000000    	  2457.2403    	  926.75752    
  27.000000    	  28.000000    	  3813.0428    	  1165.6313    
  28.000000    	  29.000000    	  2841.0209    	  1017.6618    
  29.000000    	  30.000000    	  3358.9577    	  1034.0970    
  30.000000    	  31.000000    	  3121.9102    	  951.63728    
  31.000000    	  32.000000    	  2006.6267    	  792.76061    
  32.000000    	  33.000000    	  2519.3940    	  1157.6328    
  33.000000    	  34.000000    	  2916.3580    	  991.94416    
  34.000000    	  35.000000    	  2581.3240    	  961.49284    
  35.000000    	  36.000000    	  2686.3307    	  803.75398    
  36.000000    	  37.000000    	  2507.1832    	  1127.8849    
  37.000000    	  38.000000    	  2575.7784    	  905.59854    
  38.000000    	  39.000000    	  2878.9955    	  951.17410    
  39.000000    	  40.000000    	  2587.2991    	  930.40944    
  40.000000    	  41.000000    	  4613.6699    	  2295.8169    
  41.000000    	  42.000000    	  2318.8029    	  931.60005    
  42.000000    	  43.000000    	  2401.4504    	  997.15396    
  43.000000    	  44.000000    	  3685.5870    	  1745.9965    
  44.000000    	  45.000000    	  2888.2417    	  906.76876    
  45.000000    	  46.000000    	  2534.4217    	  1387.1260    
  46.000000    	  47.000000    	  1766.8162    	  1413.0698    
  47.000000    	  48.000000    	  2478.7499    	  1068.0854    
  48.000000    	  49.000000    	  3812.4492    	  3402.1218    
  49.000000    	  50.000000    	  2695.4387    	  1218.1529    
  50.000000    	  51.000000    	  2507.7998    	  1287.8025    
  51.000000    	  52.000000    	  3460.2649    	  1464.0338    
  52.000000    	  53.000000    	  1952.4524    	  1504.1679    
  53.000000    	  54.000000    	  4923.8895    	  3142.6688    
  54.000000    	  55.000000    	  2222.9588    	  1059.0710    
  55.000000    	  56.000000    	  2693.4388    	  1282.8905    
  56.000000    	  57.000000    	  2175.4715    	  1885.3935    
  57.000000    	  58.000000    	  1952.0193    	  870.59332    
  58.000000    	  59.000000    	  2335.5186    	  1150.8358    
  59.000000    	  60.000000    	  3463.9091    	  2278.8350    
  60.000000    	  61.000000    	  1493.0367    	  681.81320    
  61.000000    	  62.000000    	  1332.1431    	  1184.3263    
  62.000000    	  63.000000    	  3639.5925    	  2402.3999    
  63.000000    	  64.000000    	  329.32059    	  131.40372    
  64.000000    	  65.000000    	  1496.7944    	  872.64155    
  65.000000    	  66.000000    	  1589.0635    	  908.56393    
  66.000000    	  67.000000    	  3091.2964    	  2054.2639    
  67.000000    	  68.000000    	  3273.1086    	  2927.5075    
  68.000000    	  69.000000    	  139.95845    	  130.63437    
  69.000000    	  70.000000    	  1506.7951    	  1218.1206    
  70.000000    	  71.000000    	  181.37519    	  93.595803    
  71.000000    	  72.000000    	  1789.0402    	  1569.2030    
  72.000000    	  73.000000    	  1512.0560    	  1453.7498    
  73.000000    	  74.000000    	  3188.8522    	  2950.7816    
  74.000000    	  75.000000    	  4078.5616    	  3853.8727    
  75.000000    	  76.000000    	  3247.7151    	  2888.0869    
  76.000000    	  77.000000    	  3336.3441    	  3091.8705    
  77.000000    	  78.000000    	  520.18791    	  295.97436    
  78.000000    	  79.000000    	  355.45998    	  48.285048    
  79.000000    	  80.000000    	  810.98275    	  457.77825    
  80.000000    	  81.000000    	  241.12494    	  44.100886    
  81.000000    	  82.000000    	  283.52783    	  46.777629    
  82.000000    	  83.000000    	  281.30682    	  44.709225    
  83.000000    	  84.000000    	  215.00909    	  37.508200    
  84.000000    	  85.000000    	  182.35593    	  43.132974    
  85.000000    	  86.000000    	  223.96115    	  45.152641    
  86.000000    	  87.000000    	  148.32083    	  38.711215    
  87.000000    	  88.000000    	  258.42058    	  39.264913    
  88.000000    	  89.000000    	  142.04704    	  36.969356    
  89.000000    	  90.000000    	  163.26206    	  35.303250    
  90.000000    	  91.000000    	  94.274001    	  26.434222    
  91.000000    	  92.000000    	  169.69684    	  33.043741    
  92.000000    	  93.000000    	  158.63563    	  34.360353    
  93.000000    	  94.000000    	  122.75399    	  35.010866    
  94.000000    	  95.000000    	  184.90633    	  32.892329    
  95.000000    	  96.000000    	  168.33488    	  31.446888    
  96.000000    	  97.000000    	  141.23844    	  30.272859    
  97.000000    	  98.000000    	  83.236942    	  29.208675    
  98.000000    	  99.000000    	  189.53154    	  28.616340    
  99.000000    	  100.00000    	  154.12413    	  25.715615    
