# pt34_31   
# underflow	  0.0000000    	  0.0000000    
# overflow	  0.0000000    	  0.0000000    
# sum	  298035.07    	  14610.675    
# xmin	xmax	cross	numerror
  0.0000000    	  1.0000000    	  236.85768    	  140.88178    
  1.0000000    	  2.0000000    	  6640.4766    	  1451.2892    
  2.0000000    	  3.0000000    	  13617.815    	  2112.1458    
  3.0000000    	  4.0000000    	  18574.958    	  2522.9482    
  4.0000000    	  5.0000000    	  18968.626    	  2549.7498    
  5.0000000    	  6.0000000    	  15909.300    	  2168.4129    
  6.0000000    	  7.0000000    	  16935.054    	  2464.5663    
  7.0000000    	  8.0000000    	  13967.344    	  2174.1567    
  8.0000000    	  9.0000000    	  14097.422    	  2263.6592    
  9.0000000    	  10.000000    	  10636.179    	  1782.8479    
  10.000000    	  11.000000    	  10605.462    	  1874.8995    
  11.000000    	  12.000000    	  9706.4539    	  1816.1783    
  12.000000    	  13.000000    	  6190.4043    	  1359.2343    
  13.000000    	  14.000000    	  9944.4668    	  1906.9107    
  14.000000    	  15.000000    	  4999.5905    	  1145.8852    
  15.000000    	  16.000000    	  7082.7333    	  1552.5935    
  16.000000    	  17.000000    	  5198.5660    	  1121.9096    
  17.000000    	  18.000000    	  4312.8103    	  1132.5791    
  18.000000    	  19.000000    	  2291.2345    	  739.81077    
  19.000000    	  20.000000    	  1780.9733    	  603.76929    
  20.000000    	  21.000000    	  4403.2881    	  1136.7560    
  21.000000    	  22.000000    	  2428.6294    	  714.13298    
  22.000000    	  23.000000    	  2031.5307    	  645.88667    
  23.000000    	  24.000000    	  2451.8683    	  808.07323    
  24.000000    	  25.000000    	  3304.0803    	  1080.4480    
  25.000000    	  26.000000    	  2992.0699    	  924.58308    
  26.000000    	  27.000000    	  1440.4623    	  500.57092    
  27.000000    	  28.000000    	  2530.6816    	  862.33666    
  28.000000    	  29.000000    	  1393.5965    	  552.55166    
  29.000000    	  30.000000    	  2835.9011    	  925.55714    
  30.000000    	  31.000000    	  1245.4865    	  498.60785    
  31.000000    	  32.000000    	  1785.6945    	  686.57310    
  32.000000    	  33.000000    	  1141.6958    	  552.97420    
  33.000000    	  34.000000    	  1976.4893    	  741.24406    
  34.000000    	  35.000000    	  1306.4573    	  511.67072    
  35.000000    	  36.000000    	  1363.6731    	  574.03433    
  36.000000    	  37.000000    	  1296.9682    	  539.19041    
  37.000000    	  38.000000    	  1791.8315    	  675.05646    
  38.000000    	  39.000000    	  1155.8582    	  512.04995    
  39.000000    	  40.000000    	  1294.3904    	  610.27276    
  40.000000    	  41.000000    	  1577.4945    	  730.97996    
  41.000000    	  42.000000    	  1161.0453    	  552.54769    
  42.000000    	  43.000000    	  1302.1507    	  706.78097    
  43.000000    	  44.000000    	  1084.6478    	  661.34498    
  44.000000    	  45.000000    	  1050.3729    	  539.74698    
  45.000000    	  46.000000    	  719.83971    	  921.24848    
  46.000000    	  47.000000    	  1064.9199    	  562.65046    
  47.000000    	  48.000000    	  806.81823    	  704.92641    
  48.000000    	  49.000000    	  2362.4636    	  1489.8368    
  49.000000    	  50.000000    	  1011.2180    	  564.92814    
  50.000000    	  51.000000    	  1318.0968    	  1059.1192    
  51.000000    	  52.000000    	  658.00560    	  385.26121    
  52.000000    	  53.000000    	  1301.8892    	  944.23810    
  53.000000    	  54.000000    	  1168.1563    	  976.04851    
  54.000000    	  55.000000    	  1807.7417    	  1401.2417    
  55.000000    	  56.000000    	  3869.2944    	  3869.2944    
  56.000000    	  57.000000    	  793.55418    	  583.42464    
  57.000000    	  58.000000    	  1350.3536    	  939.39234    
  58.000000    	  59.000000    	  4366.7321    	  3163.3504    
  59.000000    	  60.000000    	  908.03223    	  908.03223    
  60.000000    	  61.000000    	  2123.3279    	  1722.0366    
  61.000000    	  62.000000    	  3628.7688    	  2574.4866    
  62.000000    	  63.000000    	  7878.6973    	  5688.4190    
  63.000000    	  64.000000    	  915.80807    	  657.89682    
  64.000000    	  65.000000    	  669.84708    	  586.90193    
  65.000000    	  66.000000    	  1804.7258    	  1286.5017    
  66.000000    	  67.000000    	  483.66818    	  483.66818    
  67.000000    	  68.000000    	  485.41100    	  485.41100    
  68.000000    	  69.000000    	  890.85196    	  890.85196    
  69.000000    	  70.000000    	  4951.6543    	  4951.6543    
  70.000000    	  71.000000    	  3413.7624    	  3413.7624    
  71.000000    	  72.000000    	  4106.0751    	  2371.1379    
  72.000000    	  73.000000    	  0.0000000    	  0.0000000    
  73.000000    	  74.000000    	  3673.6952    	  3673.6952    
  74.000000    	  75.000000    	  0.0000000    	  0.0000000    
  75.000000    	  76.000000    	  113.37601    	  113.37601    
  76.000000    	  77.000000    	  193.97395    	  193.97395    
  77.000000    	  78.000000    	  334.70978    	  334.70978    
  78.000000    	  79.000000    	  816.51086    	  816.51086    
  79.000000    	  80.000000    	  0.0000000    	  0.0000000    
  80.000000    	  81.000000    	  0.0000000    	  0.0000000    
  81.000000    	  82.000000    	  0.0000000    	  0.0000000    
  82.000000    	  83.000000    	  0.0000000    	  0.0000000    
  83.000000    	  84.000000    	  0.0000000    	  0.0000000    
  84.000000    	  85.000000    	  0.0000000    	  0.0000000    
  85.000000    	  86.000000    	  0.0000000    	  0.0000000    
  86.000000    	  87.000000    	  0.0000000    	  0.0000000    
  87.000000    	  88.000000    	  0.0000000    	  0.0000000    
  88.000000    	  89.000000    	  0.0000000    	  0.0000000    
  89.000000    	  90.000000    	  0.0000000    	  0.0000000    
  90.000000    	  91.000000    	  0.0000000    	  0.0000000    
  91.000000    	  92.000000    	  0.0000000    	  0.0000000    
  92.000000    	  93.000000    	  0.0000000    	  0.0000000    
  93.000000    	  94.000000    	  0.0000000    	  0.0000000    
  94.000000    	  95.000000    	  0.0000000    	  0.0000000    
  95.000000    	  96.000000    	  0.0000000    	  0.0000000    
  96.000000    	  97.000000    	  0.0000000    	  0.0000000    
  97.000000    	  98.000000    	  0.0000000    	  0.0000000    
  98.000000    	  99.000000    	  0.0000000    	  0.0000000    
  99.000000    	  100.00000    	  0.0000000    	  0.0000000    
