# pt34_30   
# underflow	  0.0000000    	  0.0000000    
# overflow	  4228.1576    	  139.10539    
# sum	  358963.55    	  14008.055    
# xmin	xmax	cross	numerror
  0.0000000    	  1.0000000    	  2350.7542    	  722.37756    
  1.0000000    	  2.0000000    	  18004.545    	  3875.0550    
  2.0000000    	  3.0000000    	  18873.317    	  3499.8468    
  3.0000000    	  4.0000000    	  15872.537    	  3175.1382    
  4.0000000    	  5.0000000    	  20820.855    	  3010.0591    
  5.0000000    	  6.0000000    	  13438.385    	  2556.4915    
  6.0000000    	  7.0000000    	  16832.061    	  2772.7979    
  7.0000000    	  8.0000000    	  15234.883    	  2546.1085    
  8.0000000    	  9.0000000    	  12679.684    	  2424.8629    
  9.0000000    	  10.000000    	  12086.465    	  2270.2479    
  10.000000    	  11.000000    	  12264.161    	  2213.5991    
  11.000000    	  12.000000    	  11007.977    	  2134.4631    
  12.000000    	  13.000000    	  5820.3533    	  1563.9536    
  13.000000    	  14.000000    	  8275.1060    	  1816.0464    
  14.000000    	  15.000000    	  6976.8504    	  1534.1169    
  15.000000    	  16.000000    	  4509.0748    	  1315.1204    
  16.000000    	  17.000000    	  7469.4829    	  1522.7852    
  17.000000    	  18.000000    	  6191.1187    	  1603.2487    
  18.000000    	  19.000000    	  5818.8768    	  1340.4929    
  19.000000    	  20.000000    	  5209.2638    	  1349.0065    
  20.000000    	  21.000000    	  1984.3962    	  864.39268    
  21.000000    	  22.000000    	  4219.9170    	  1257.1832    
  22.000000    	  23.000000    	  3400.5297    	  1124.7403    
  23.000000    	  24.000000    	  3017.3299    	  956.76227    
  24.000000    	  25.000000    	  2155.8687    	  878.39339    
  25.000000    	  26.000000    	  2435.9969    	  794.77777    
  26.000000    	  27.000000    	  4180.2583    	  1160.0700    
  27.000000    	  28.000000    	  1254.5270    	  797.93518    
  28.000000    	  29.000000    	  2933.2771    	  943.41403    
  29.000000    	  30.000000    	  2554.6843    	  833.30597    
  30.000000    	  31.000000    	  2244.8125    	  960.04130    
  31.000000    	  32.000000    	  1956.0631    	  705.97006    
  32.000000    	  33.000000    	  2713.8355    	  890.56867    
  33.000000    	  34.000000    	  2312.5538    	  870.46806    
  34.000000    	  35.000000    	  2874.2444    	  848.94506    
  35.000000    	  36.000000    	  1717.7624    	  870.59064    
  36.000000    	  37.000000    	  1520.0912    	  969.99451    
  37.000000    	  38.000000    	  1928.6950    	  744.52629    
  38.000000    	  39.000000    	  1933.9355    	  719.15548    
  39.000000    	  40.000000    	  2159.0300    	  911.88030    
  40.000000    	  41.000000    	  2448.1342    	  1070.1701    
  41.000000    	  42.000000    	  2262.7317    	  1022.6958    
  42.000000    	  43.000000    	  2366.1526    	  705.96513    
  43.000000    	  44.000000    	  2395.3887    	  727.51031    
  44.000000    	  45.000000    	  4138.9262    	  1685.7592    
  45.000000    	  46.000000    	  2043.2259    	  707.96271    
  46.000000    	  47.000000    	  4826.9900    	  2300.2104    
  47.000000    	  48.000000    	  2176.2708    	  696.21562    
  48.000000    	  49.000000    	  1901.1996    	  763.39054    
  49.000000    	  50.000000    	  3066.0596    	  1446.1675    
  50.000000    	  51.000000    	  2384.3649    	  1045.2312    
  51.000000    	  52.000000    	  2125.5131    	  781.34024    
  52.000000    	  53.000000    	  2045.4628    	  987.25675    
  53.000000    	  54.000000    	  1971.9574    	  1024.0350    
  54.000000    	  55.000000    	  2312.5691    	  957.22564    
  55.000000    	  56.000000    	  4279.3877    	  2927.4394    
  56.000000    	  57.000000    	  4423.2743    	  2053.9600    
  57.000000    	  58.000000    	  3973.7218    	  2066.5725    
  58.000000    	  59.000000    	  1449.2775    	  883.77193    
  59.000000    	  60.000000    	  1384.5204    	  519.57632    
  60.000000    	  61.000000    	  1657.3184    	  714.90560    
  61.000000    	  62.000000    	  932.14270    	  868.94262    
  62.000000    	  63.000000    	  3139.6008    	  1495.1424    
  63.000000    	  64.000000    	  411.16196    	  116.09849    
  64.000000    	  65.000000    	  1262.8036    	  869.90215    
  65.000000    	  66.000000    	  3817.9490    	  2551.0051    
  66.000000    	  67.000000    	  1280.3404    	  584.83178    
  67.000000    	  68.000000    	  325.67523    	  82.660218    
  68.000000    	  69.000000    	  1161.2294    	  788.63985    
  69.000000    	  70.000000    	  1313.9481    	  706.04502    
  70.000000    	  71.000000    	  4349.1976    	  4099.3584    
  71.000000    	  72.000000    	  1007.8911    	  717.81933    
  72.000000    	  73.000000    	  1781.6303    	  1467.5246    
  73.000000    	  74.000000    	  1438.8004    	  1222.0101    
  74.000000    	  75.000000    	  315.16458    	  61.835567    
  75.000000    	  76.000000    	  2594.2425    	  1389.9803    
  76.000000    	  77.000000    	  282.68814    	  51.147165    
  77.000000    	  78.000000    	  267.77876    	  50.955030    
  78.000000    	  79.000000    	  288.64391    	  46.282147    
  79.000000    	  80.000000    	  421.30589    	  163.08239    
  80.000000    	  81.000000    	  280.71392    	  48.292699    
  81.000000    	  82.000000    	  242.60088    	  47.103660    
  82.000000    	  83.000000    	  241.66675    	  43.842537    
  83.000000    	  84.000000    	  194.01998    	  40.277754    
  84.000000    	  85.000000    	  237.70881    	  42.978569    
  85.000000    	  86.000000    	  118.95515    	  36.977251    
  86.000000    	  87.000000    	  246.84464    	  38.075971    
  87.000000    	  88.000000    	  142.65296    	  41.348686    
  88.000000    	  89.000000    	  173.36024    	  34.259747    
  89.000000    	  90.000000    	  200.13462    	  31.829536    
  90.000000    	  91.000000    	  239.50702    	  32.951935    
  91.000000    	  92.000000    	  195.47068    	  32.296879    
  92.000000    	  93.000000    	  146.78873    	  30.831769    
  93.000000    	  94.000000    	  131.74374    	  35.120703    
  94.000000    	  95.000000    	  114.33447    	  28.316151    
  95.000000    	  96.000000    	  144.32423    	  32.916945    
  96.000000    	  97.000000    	  102.00556    	  28.264284    
  97.000000    	  98.000000    	  142.96538    	  26.415949    
  98.000000    	  99.000000    	  67.289972    	  30.932183    
  99.000000    	  100.00000    	  114.10786    	  23.955459    
