# pt34_15   
# underflow	  0.0000000    	  0.0000000    
# overflow	  0.0000000    	  0.0000000    
# sum	 -817640.42    	  6144.3344    
# xmin	xmax	cross	numerror
  0.0000000    	  1.0000000    	  0.0000000    	  0.0000000    
  1.0000000    	  2.0000000    	 -91681.548    	  2089.6132    
  2.0000000    	  3.0000000    	 -100309.35    	  2197.9762    
  3.0000000    	  4.0000000    	 -82586.991    	  1978.9480    
  4.0000000    	  5.0000000    	 -66875.017    	  1773.1702    
  5.0000000    	  6.0000000    	 -54894.894    	  1602.0420    
  6.0000000    	  7.0000000    	 -45685.711    	  1456.7798    
  7.0000000    	  8.0000000    	 -39373.752    	  1354.0940    
  8.0000000    	  9.0000000    	 -33843.144    	  1249.8820    
  9.0000000    	  10.000000    	 -29680.897    	  1171.8832    
  10.000000    	  11.000000    	 -25561.076    	  1082.9775    
  11.000000    	  12.000000    	 -22851.630    	  1025.7520    
  12.000000    	  13.000000    	 -20705.182    	  974.74718    
  13.000000    	  14.000000    	 -18234.359    	  909.94396    
  14.000000    	  15.000000    	 -16187.043    	  856.69668    
  15.000000    	  16.000000    	 -14340.248    	  806.66655    
  16.000000    	  17.000000    	 -13410.836    	  783.10941    
  17.000000    	  18.000000    	 -12468.200    	  749.23252    
  18.000000    	  19.000000    	 -11139.415    	  706.19697    
  19.000000    	  20.000000    	 -9960.5145    	  661.38316    
  20.000000    	  21.000000    	 -9332.1891    	  644.34895    
  21.000000    	  22.000000    	 -8391.6816    	  605.40907    
  22.000000    	  23.000000    	 -7430.0957    	  561.20511    
  23.000000    	  24.000000    	 -7174.9915    	  562.83437    
  24.000000    	  25.000000    	 -6391.0160    	  526.03619    
  25.000000    	  26.000000    	 -6274.3644    	  525.05301    
  26.000000    	  27.000000    	 -5590.4660    	  499.40773    
  27.000000    	  28.000000    	 -4965.4760    	  461.35103    
  28.000000    	  29.000000    	 -4696.5206    	  449.90791    
  29.000000    	  30.000000    	 -3781.2468    	  403.35237    
  30.000000    	  31.000000    	 -3384.6550    	  352.21465    
  31.000000    	  32.000000    	 -3967.6385    	  418.19544    
  32.000000    	  33.000000    	 -2673.5457    	  312.64849    
  33.000000    	  34.000000    	 -3064.2038    	  351.51226    
  34.000000    	  35.000000    	 -3089.3725    	  354.21981    
  35.000000    	  36.000000    	 -2557.5598    	  328.55145    
  36.000000    	  37.000000    	 -1941.9776    	  261.37601    
  37.000000    	  38.000000    	 -2128.2349    	  283.63549    
  38.000000    	  39.000000    	 -2282.8412    	  311.04882    
  39.000000    	  40.000000    	 -2051.2876    	  292.82285    
  40.000000    	  41.000000    	 -1658.4935    	  247.72459    
  41.000000    	  42.000000    	 -1620.5968    	  258.18618    
  42.000000    	  43.000000    	 -1001.2216    	  182.05072    
  43.000000    	  44.000000    	 -1858.6357    	  270.33988    
  44.000000    	  45.000000    	 -324.36479    	  106.59785    
  45.000000    	  46.000000    	 -1505.0083    	  247.00644    
  46.000000    	  47.000000    	 -1073.2010    	  204.35215    
  47.000000    	  48.000000    	 -876.11965    	  174.12525    
  48.000000    	  49.000000    	 -1160.0046    	  230.04259    
  49.000000    	  50.000000    	 -206.64126    	  80.592045    
  50.000000    	  51.000000    	 -1389.2862    	  261.14792    
  51.000000    	  52.000000    	 -98.049809    	  47.261703    
  52.000000    	  53.000000    	 -690.49689    	  152.93537    
  53.000000    	  54.000000    	 -233.42326    	  68.946515    
  54.000000    	  55.000000    	 -607.65081    	  151.09405    
  55.000000    	  56.000000    	 -931.95237    	  221.86828    
  56.000000    	  57.000000    	 -622.89566    	  144.95367    
  57.000000    	  58.000000    	 -40.597800    	  20.336970    
  58.000000    	  59.000000    	 -113.79017    	  45.537654    
  59.000000    	  60.000000    	 -600.39225    	  137.72904    
  60.000000    	  61.000000    	 -222.89060    	  67.340089    
  61.000000    	  62.000000    	 -41.580986    	  22.613738    
  62.000000    	  63.000000    	 -36.135301    	  17.276155    
  63.000000    	  64.000000    	 -53.542550    	  30.836922    
  64.000000    	  65.000000    	 -10.194506    	  6.7437432    
  65.000000    	  66.000000    	 -1.1348410    	  1.7207388    
  66.000000    	  67.000000    	 -1.9471552    	  5.9876733    
  67.000000    	  68.000000    	 -2.8784537    	  9.3748860    
  68.000000    	  69.000000    	 -4.1485033    	  6.1480470    
  69.000000    	  70.000000    	  14.675804    	  20.805952    
  70.000000    	  71.000000    	  1.4246158    	  5.4365344    
  71.000000    	  72.000000    	  19.359766    	  14.530613    
  72.000000    	  73.000000    	  15.578141    	  9.5696013    
  73.000000    	  74.000000    	  27.062018    	  14.638385    
  74.000000    	  75.000000    	  18.852579    	  9.1242394    
  75.000000    	  76.000000    	  15.514655    	  9.3861174    
  76.000000    	  77.000000    	  17.563485    	  10.401832    
  77.000000    	  78.000000    	  71.584550    	  22.539015    
  78.000000    	  79.000000    	  37.855714    	  14.431677    
  79.000000    	  80.000000    	  66.558807    	  26.504087    
  80.000000    	  81.000000    	  0.0000000    	  0.0000000    
  81.000000    	  82.000000    	  0.0000000    	  0.0000000    
  82.000000    	  83.000000    	  0.0000000    	  0.0000000    
  83.000000    	  84.000000    	  0.0000000    	  0.0000000    
  84.000000    	  85.000000    	  0.0000000    	  0.0000000    
  85.000000    	  86.000000    	  0.0000000    	  0.0000000    
  86.000000    	  87.000000    	  0.0000000    	  0.0000000    
  87.000000    	  88.000000    	  0.0000000    	  0.0000000    
  88.000000    	  89.000000    	  0.0000000    	  0.0000000    
  89.000000    	  90.000000    	  0.0000000    	  0.0000000    
  90.000000    	  91.000000    	  0.0000000    	  0.0000000    
  91.000000    	  92.000000    	  0.0000000    	  0.0000000    
  92.000000    	  93.000000    	  0.0000000    	  0.0000000    
  93.000000    	  94.000000    	  0.0000000    	  0.0000000    
  94.000000    	  95.000000    	  0.0000000    	  0.0000000    
  95.000000    	  96.000000    	  0.0000000    	  0.0000000    
  96.000000    	  97.000000    	  0.0000000    	  0.0000000    
  97.000000    	  98.000000    	  0.0000000    	  0.0000000    
  98.000000    	  99.000000    	  0.0000000    	  0.0000000    
  99.000000    	  100.00000    	  0.0000000    	  0.0000000    
