# pt34_17   
# underflow	  0.0000000    	  0.0000000    
# overflow	  6176.6449    	  134.61160    
# sum	  1073606.0    	  18615.856    
# xmin	xmax	cross	numerror
  0.0000000    	  1.0000000    	  3146.8738    	  973.51852    
  1.0000000    	  2.0000000    	  111923.75    	  3478.6489    
  2.0000000    	  3.0000000    	  97977.069    	  2859.2603    
  3.0000000    	  4.0000000    	  78663.373    	  2609.9859    
  4.0000000    	  5.0000000    	  65761.490    	  2528.6364    
  5.0000000    	  6.0000000    	  56761.488    	  2532.6692    
  6.0000000    	  7.0000000    	  47618.492    	  2421.2428    
  7.0000000    	  8.0000000    	  40689.424    	  2211.1484    
  8.0000000    	  9.0000000    	  35002.090    	  2122.4673    
  9.0000000    	  10.000000    	  33991.753    	  2372.9212    
  10.000000    	  11.000000    	  28629.412    	  2077.1225    
  11.000000    	  12.000000    	  21860.233    	  1680.1459    
  12.000000    	  13.000000    	  23539.147    	  1964.6687    
  13.000000    	  14.000000    	  19275.220    	  1789.5473    
  14.000000    	  15.000000    	  18061.569    	  1566.3085    
  15.000000    	  16.000000    	  16743.756    	  1648.5998    
  16.000000    	  17.000000    	  14130.758    	  1492.0364    
  17.000000    	  18.000000    	  14204.348    	  1525.8843    
  18.000000    	  19.000000    	  14670.736    	  1682.4973    
  19.000000    	  20.000000    	  12091.699    	  1448.4664    
  20.000000    	  21.000000    	  11828.491    	  1394.7642    
  21.000000    	  22.000000    	  10276.321    	  1312.9624    
  22.000000    	  23.000000    	  11405.830    	  1745.4886    
  23.000000    	  24.000000    	  8823.7361    	  1220.5347    
  24.000000    	  25.000000    	  9684.9433    	  1346.4579    
  25.000000    	  26.000000    	  7968.6904    	  1197.4812    
  26.000000    	  27.000000    	  8467.8304    	  1309.0559    
  27.000000    	  28.000000    	  6830.3171    	  1098.4179    
  28.000000    	  29.000000    	  7235.7969    	  1203.1772    
  29.000000    	  30.000000    	  8465.4577    	  1475.6627    
  30.000000    	  31.000000    	  6588.8471    	  1261.5456    
  31.000000    	  32.000000    	  5959.7895    	  1188.8806    
  32.000000    	  33.000000    	  5211.6148    	  1067.6310    
  33.000000    	  34.000000    	  6224.9441    	  1402.6841    
  34.000000    	  35.000000    	  6522.9928    	  1496.9426    
  35.000000    	  36.000000    	  5276.2949    	  1170.8186    
  36.000000    	  37.000000    	  6652.5312    	  1806.7432    
  37.000000    	  38.000000    	  5442.4120    	  1462.0673    
  38.000000    	  39.000000    	  5324.0181    	  1177.7985    
  39.000000    	  40.000000    	  5447.4319    	  1443.1259    
  40.000000    	  41.000000    	  6425.3863    	  2057.9852    
  41.000000    	  42.000000    	  4744.5365    	  1345.1944    
  42.000000    	  43.000000    	  5061.5703    	  1558.4213    
  43.000000    	  44.000000    	  4668.0006    	  1432.3212    
  44.000000    	  45.000000    	  4601.4831    	  1522.5471    
  45.000000    	  46.000000    	  4672.9770    	  1607.3694    
  46.000000    	  47.000000    	  4613.0615    	  2038.2701    
  47.000000    	  48.000000    	  5246.3017    	  1461.9532    
  48.000000    	  49.000000    	  4869.9977    	  1617.3957    
  49.000000    	  50.000000    	  4681.8071    	  2689.0499    
  50.000000    	  51.000000    	  4789.2578    	  1883.6427    
  51.000000    	  52.000000    	  4283.8318    	  1745.2192    
  52.000000    	  53.000000    	  5082.5053    	  3165.2122    
  53.000000    	  54.000000    	  5025.0360    	  1889.4822    
  54.000000    	  55.000000    	  4068.5790    	  3418.8912    
  55.000000    	  56.000000    	  3916.2183    	  1328.7121    
  56.000000    	  57.000000    	  4163.0874    	  3514.8551    
  57.000000    	  58.000000    	  4440.9094    	  2237.0638    
  58.000000    	  59.000000    	  4359.5005    	  2668.4549    
  59.000000    	  60.000000    	  4023.7395    	  1910.3985    
  60.000000    	  61.000000    	  3840.8354    	  1853.9125    
  61.000000    	  62.000000    	  6982.9024    	  4609.2055    
  62.000000    	  63.000000    	  4769.6430    	  2065.0775    
  63.000000    	  64.000000    	  4384.5281    	  2757.3915    
  64.000000    	  65.000000    	  4789.3023    	  2468.3000    
  65.000000    	  66.000000    	  3359.9023    	  2922.3565    
  66.000000    	  67.000000    	  2486.6463    	  1144.5601    
  67.000000    	  68.000000    	  3596.2091    	  2261.3969    
  68.000000    	  69.000000    	  474.11897    	  80.035855    
  69.000000    	  70.000000    	  4585.5609    	  4262.7053    
  70.000000    	  71.000000    	  4287.8014    	  2847.5201    
  71.000000    	  72.000000    	  251.22559    	  85.309530    
  72.000000    	  73.000000    	  4662.8646    	  4339.4216    
  73.000000    	  74.000000    	  4311.6395    	  2824.1948    
  74.000000    	  75.000000    	  3282.6316    	  2206.8927    
  75.000000    	  76.000000    	  224.92888    	  72.209309    
  76.000000    	  77.000000    	  3566.7633    	  2352.5182    
  77.000000    	  78.000000    	  1727.6755    	  1503.6797    
  78.000000    	  79.000000    	  3023.8568    	  1617.8186    
  79.000000    	  80.000000    	  235.91730    	  60.013843    
  80.000000    	  81.000000    	  313.68923    	  46.138596    
  81.000000    	  82.000000    	  267.05910    	  45.122114    
  82.000000    	  83.000000    	  296.18531    	  42.458188    
  83.000000    	  84.000000    	  295.54953    	  39.818525    
  84.000000    	  85.000000    	  253.19683    	  34.179962    
  85.000000    	  86.000000    	  189.30587    	  33.857119    
  86.000000    	  87.000000    	  297.20889    	  37.002615    
  87.000000    	  88.000000    	  323.46073    	  37.124693    
  88.000000    	  89.000000    	  189.26407    	  35.456751    
  89.000000    	  90.000000    	  226.32202    	  37.117029    
  90.000000    	  91.000000    	  236.08294    	  32.075129    
  91.000000    	  92.000000    	  162.36764    	  31.277181    
  92.000000    	  93.000000    	  189.62431    	  31.242173    
  93.000000    	  94.000000    	  156.11511    	  29.673601    
  94.000000    	  95.000000    	  176.36246    	  27.091267    
  95.000000    	  96.000000    	  232.20005    	  26.684511    
  96.000000    	  97.000000    	  191.96518    	  26.423869    
  97.000000    	  98.000000    	  142.43320    	  26.108285    
  98.000000    	  99.000000    	  158.26121    	  26.411219    
  99.000000    	  100.00000    	  168.94771    	  26.338932    
