# pt34_5    
# underflow	  0.0000000    	  0.0000000    
# overflow	  0.0000000    	  0.0000000    
# sum	 -969164.17    	  6382.1984    
# xmin	xmax	cross	numerror
  0.0000000    	  1.0000000    	  0.0000000    	  0.0000000    
  1.0000000    	  2.0000000    	 -57294.516    	  1426.0794    
  2.0000000    	  3.0000000    	 -99129.506    	  1922.7406    
  3.0000000    	  4.0000000    	 -87471.591    	  1857.1330    
  4.0000000    	  5.0000000    	 -73999.110    	  1727.1617    
  5.0000000    	  6.0000000    	 -62191.158    	  1597.6745    
  6.0000000    	  7.0000000    	 -53575.148    	  1491.2667    
  7.0000000    	  8.0000000    	 -46275.466    	  1390.9966    
  8.0000000    	  9.0000000    	 -40200.838    	  1300.3051    
  9.0000000    	  10.000000    	 -35247.806    	  1224.8725    
  10.000000    	  11.000000    	 -31759.746    	  1161.9102    
  11.000000    	  12.000000    	 -28392.387    	  1103.6161    
  12.000000    	  13.000000    	 -25013.656    	  1038.2790    
  13.000000    	  14.000000    	 -23268.789    	  1003.3281    
  14.000000    	  15.000000    	 -20931.618    	  953.46752    
  15.000000    	  16.000000    	 -18828.960    	  908.16008    
  16.000000    	  17.000000    	 -17883.099    	  884.32302    
  17.000000    	  18.000000    	 -15884.073    	  834.45770    
  18.000000    	  19.000000    	 -14808.840    	  805.62344    
  19.000000    	  20.000000    	 -13375.573    	  769.63279    
  20.000000    	  21.000000    	 -12727.886    	  751.63497    
  21.000000    	  22.000000    	 -11453.336    	  713.99351    
  22.000000    	  23.000000    	 -11336.221    	  712.04265    
  23.000000    	  24.000000    	 -10094.047    	  669.99982    
  24.000000    	  25.000000    	 -9548.4797    	  655.57601    
  25.000000    	  26.000000    	 -8986.9458    	  636.90955    
  26.000000    	  27.000000    	 -8550.0151    	  622.66862    
  27.000000    	  28.000000    	 -7322.6022    	  576.14150    
  28.000000    	  29.000000    	 -7612.6327    	  593.65377    
  29.000000    	  30.000000    	 -5915.1210    	  518.54509    
  30.000000    	  31.000000    	 -6595.6920    	  545.84274    
  31.000000    	  32.000000    	 -6301.8867    	  539.94038    
  32.000000    	  33.000000    	 -5661.4992    	  503.31277    
  33.000000    	  34.000000    	 -5703.4896    	  519.44205    
  34.000000    	  35.000000    	 -5377.2404    	  492.45367    
  35.000000    	  36.000000    	 -4481.5174    	  460.26895    
  36.000000    	  37.000000    	 -4604.0670    	  462.45787    
  37.000000    	  38.000000    	 -4339.9959    	  443.38962    
  38.000000    	  39.000000    	 -4243.9265    	  456.92832    
  39.000000    	  40.000000    	 -2888.5362    	  364.38582    
  40.000000    	  41.000000    	 -3545.6484    	  405.62063    
  41.000000    	  42.000000    	 -3484.4121    	  415.65202    
  42.000000    	  43.000000    	 -3291.8022    	  394.95624    
  43.000000    	  44.000000    	 -3109.5697    	  378.64759    
  44.000000    	  45.000000    	 -2973.2083    	  389.99223    
  45.000000    	  46.000000    	 -2866.7556    	  376.66828    
  46.000000    	  47.000000    	 -2630.7598    	  359.78531    
  47.000000    	  48.000000    	 -2182.1774    	  315.37184    
  48.000000    	  49.000000    	 -2290.2408    	  336.44842    
  49.000000    	  50.000000    	 -1585.5816    	  290.24100    
  50.000000    	  51.000000    	 -1948.5957    	  312.69130    
  51.000000    	  52.000000    	 -1743.1954    	  287.22994    
  52.000000    	  53.000000    	 -1806.4757    	  287.78538    
  53.000000    	  54.000000    	 -1880.2694    	  287.70167    
  54.000000    	  55.000000    	 -1906.0204    	  328.84349    
  55.000000    	  56.000000    	 -1385.6133    	  280.14188    
  56.000000    	  57.000000    	 -1342.1225    	  281.52150    
  57.000000    	  58.000000    	 -1561.5145    	  284.81266    
  58.000000    	  59.000000    	 -1358.7290    	  255.00130    
  59.000000    	  60.000000    	 -1414.8427    	  253.53576    
  60.000000    	  61.000000    	 -1168.1170    	  226.19469    
  61.000000    	  62.000000    	 -1281.9417    	  231.43477    
  62.000000    	  63.000000    	 -1228.4308    	  241.10399    
  63.000000    	  64.000000    	 -1011.7921    	  278.27131    
  64.000000    	  65.000000    	 -1288.7644    	  345.86392    
  65.000000    	  66.000000    	 -807.52606    	  229.68626    
  66.000000    	  67.000000    	 -871.27459    	  245.53182    
  67.000000    	  68.000000    	 -719.00131    	  208.05107    
  68.000000    	  69.000000    	 -739.58452    	  212.71934    
  69.000000    	  70.000000    	 -734.88138    	  192.16134    
  70.000000    	  71.000000    	 -906.02018    	  238.57948    
  71.000000    	  72.000000    	 -702.48195    	  197.86710    
  72.000000    	  73.000000    	 -786.41089    	  204.75149    
  73.000000    	  74.000000    	 -689.59625    	  175.48123    
  74.000000    	  75.000000    	 -466.92617    	  130.99906    
  75.000000    	  76.000000    	 -461.25236    	  125.63979    
  76.000000    	  77.000000    	 -534.15624    	  137.49581    
  77.000000    	  78.000000    	 -414.25846    	  109.01453    
  78.000000    	  79.000000    	 -314.87246    	  95.030546    
  79.000000    	  80.000000    	 -452.32568    	  126.29280    
  80.000000    	  81.000000    	  0.0000000    	  0.0000000    
  81.000000    	  82.000000    	  0.0000000    	  0.0000000    
  82.000000    	  83.000000    	  0.0000000    	  0.0000000    
  83.000000    	  84.000000    	  0.0000000    	  0.0000000    
  84.000000    	  85.000000    	  0.0000000    	  0.0000000    
  85.000000    	  86.000000    	  0.0000000    	  0.0000000    
  86.000000    	  87.000000    	  0.0000000    	  0.0000000    
  87.000000    	  88.000000    	  0.0000000    	  0.0000000    
  88.000000    	  89.000000    	  0.0000000    	  0.0000000    
  89.000000    	  90.000000    	  0.0000000    	  0.0000000    
  90.000000    	  91.000000    	  0.0000000    	  0.0000000    
  91.000000    	  92.000000    	  0.0000000    	  0.0000000    
  92.000000    	  93.000000    	  0.0000000    	  0.0000000    
  93.000000    	  94.000000    	  0.0000000    	  0.0000000    
  94.000000    	  95.000000    	  0.0000000    	  0.0000000    
  95.000000    	  96.000000    	  0.0000000    	  0.0000000    
  96.000000    	  97.000000    	  0.0000000    	  0.0000000    
  97.000000    	  98.000000    	  0.0000000    	  0.0000000    
  98.000000    	  99.000000    	  0.0000000    	  0.0000000    
  99.000000    	  100.00000    	  0.0000000    	  0.0000000    
