# pt34_27   
# underflow	  0.0000000    	  0.0000000    
# overflow	  0.0000000    	  0.0000000    
# sum	  405446.76    	  16829.006    
# xmin	xmax	cross	numerror
  0.0000000    	  1.0000000    	  318.74925    	  170.39502    
  1.0000000    	  2.0000000    	  9350.2770    	  1666.2241    
  2.0000000    	  3.0000000    	  15249.688    	  2168.3855    
  3.0000000    	  4.0000000    	  17965.120    	  2361.2136    
  4.0000000    	  5.0000000    	  19541.021    	  2455.0971    
  5.0000000    	  6.0000000    	  19196.582    	  2420.2149    
  6.0000000    	  7.0000000    	  18010.975    	  2388.5807    
  7.0000000    	  8.0000000    	  14495.270    	  2143.8423    
  8.0000000    	  9.0000000    	  15369.120    	  2241.3988    
  9.0000000    	  10.000000    	  13419.374    	  2066.3407    
  10.000000    	  11.000000    	  12227.179    	  1962.1252    
  11.000000    	  12.000000    	  12207.335    	  1978.3933    
  12.000000    	  13.000000    	  9427.8184    	  1752.7417    
  13.000000    	  14.000000    	  9537.5053    	  1787.1050    
  14.000000    	  15.000000    	  9719.5746    	  1911.7504    
  15.000000    	  16.000000    	  9067.3122    	  1689.1177    
  16.000000    	  17.000000    	  5729.6120    	  1297.2347    
  17.000000    	  18.000000    	  6670.0619    	  1554.0243    
  18.000000    	  19.000000    	  6106.5453    	  1372.5857    
  19.000000    	  20.000000    	  5579.3497    	  1294.2931    
  20.000000    	  21.000000    	  6200.9631    	  1422.0907    
  21.000000    	  22.000000    	  5157.5950    	  1361.1793    
  22.000000    	  23.000000    	  4644.0047    	  1192.3729    
  23.000000    	  24.000000    	  4917.4697    	  1216.7378    
  24.000000    	  25.000000    	  3148.7808    	  976.06864    
  25.000000    	  26.000000    	  2977.3669    	  1003.7069    
  26.000000    	  27.000000    	  3762.7307    	  1086.7888    
  27.000000    	  28.000000    	  3841.1642    	  1127.7881    
  28.000000    	  29.000000    	  3393.3290    	  1086.8759    
  29.000000    	  30.000000    	  3837.6698    	  1301.8760    
  30.000000    	  31.000000    	  2669.2335    	  825.30733    
  31.000000    	  32.000000    	  2901.7394    	  1269.2538    
  32.000000    	  33.000000    	  3343.4325    	  1140.8282    
  33.000000    	  34.000000    	  3293.8576    	  1177.9447    
  34.000000    	  35.000000    	  3699.9962    	  1739.9972    
  35.000000    	  36.000000    	  3311.5259    	  1221.6794    
  36.000000    	  37.000000    	  2856.8609    	  1040.7654    
  37.000000    	  38.000000    	  2802.0796    	  1285.2945    
  38.000000    	  39.000000    	  3227.3317    	  1218.2126    
  39.000000    	  40.000000    	  2750.1741    	  1168.6464    
  40.000000    	  41.000000    	  3686.5407    	  1462.3351    
  41.000000    	  42.000000    	  2457.4282    	  1131.3156    
  42.000000    	  43.000000    	  2450.8186    	  886.10082    
  43.000000    	  44.000000    	  2746.4768    	  2746.4768    
  44.000000    	  45.000000    	  3224.1371    	  1569.6820    
  45.000000    	  46.000000    	  3651.3256    	  1708.4890    
  46.000000    	  47.000000    	  2582.8381    	  1319.2241    
  47.000000    	  48.000000    	  2645.0893    	  1219.8781    
  48.000000    	  49.000000    	  2720.4183    	  1430.6093    
  49.000000    	  50.000000    	  3828.4073    	  2251.7775    
  50.000000    	  51.000000    	  2865.9130    	  2096.7851    
  51.000000    	  52.000000    	  3168.3552    	  1863.3530    
  52.000000    	  53.000000    	  3135.7172    	  2062.0701    
  53.000000    	  54.000000    	  2463.1679    	  1115.0718    
  54.000000    	  55.000000    	  2630.4492    	  1964.0829    
  55.000000    	  56.000000    	  2525.4413    	  1861.0642    
  56.000000    	  57.000000    	  4082.3737    	  2378.8903    
  57.000000    	  58.000000    	  2483.2390    	  1777.9872    
  58.000000    	  59.000000    	  0.0000000    	  0.0000000    
  59.000000    	  60.000000    	  5687.5226    	  4237.8929    
  60.000000    	  61.000000    	  3202.2796    	  2091.1545    
  61.000000    	  62.000000    	  0.0000000    	  0.0000000    
  62.000000    	  63.000000    	  2649.2281    	  1598.5260    
  63.000000    	  64.000000    	  4190.4794    	  4190.4794    
  64.000000    	  65.000000    	  1866.1904    	  1340.9988    
  65.000000    	  66.000000    	  6282.8690    	  4444.7375    
  66.000000    	  67.000000    	  2503.0574    	  2503.0574    
  67.000000    	  68.000000    	  2423.9631    	  1785.8618    
  68.000000    	  69.000000    	  1587.7969    	  1587.7969    
  69.000000    	  70.000000    	  0.0000000    	  0.0000000    
  70.000000    	  71.000000    	  2643.7940    	  2643.7940    
  71.000000    	  72.000000    	  0.0000000    	  0.0000000    
  72.000000    	  73.000000    	  4284.6592    	  4284.6592    
  73.000000    	  74.000000    	  4127.8067    	  2918.8131    
  74.000000    	  75.000000    	  1221.0776    	  1221.0776    
  75.000000    	  76.000000    	  1794.7594    	  1794.7594    
  76.000000    	  77.000000    	  1473.1427    	  1473.1427    
  77.000000    	  78.000000    	  0.0000000    	  0.0000000    
  78.000000    	  79.000000    	  1807.2180    	  1306.4296    
  79.000000    	  80.000000    	  2427.0045    	  2427.0045    
  80.000000    	  81.000000    	  0.0000000    	  0.0000000    
  81.000000    	  82.000000    	  0.0000000    	  0.0000000    
  82.000000    	  83.000000    	  0.0000000    	  0.0000000    
  83.000000    	  84.000000    	  0.0000000    	  0.0000000    
  84.000000    	  85.000000    	  0.0000000    	  0.0000000    
  85.000000    	  86.000000    	  0.0000000    	  0.0000000    
  86.000000    	  87.000000    	  0.0000000    	  0.0000000    
  87.000000    	  88.000000    	  0.0000000    	  0.0000000    
  88.000000    	  89.000000    	  0.0000000    	  0.0000000    
  89.000000    	  90.000000    	  0.0000000    	  0.0000000    
  90.000000    	  91.000000    	  0.0000000    	  0.0000000    
  91.000000    	  92.000000    	  0.0000000    	  0.0000000    
  92.000000    	  93.000000    	  0.0000000    	  0.0000000    
  93.000000    	  94.000000    	  0.0000000    	  0.0000000    
  94.000000    	  95.000000    	  0.0000000    	  0.0000000    
  95.000000    	  96.000000    	  0.0000000    	  0.0000000    
  96.000000    	  97.000000    	  0.0000000    	  0.0000000    
  97.000000    	  98.000000    	  0.0000000    	  0.0000000    
  98.000000    	  99.000000    	  0.0000000    	  0.0000000    
  99.000000    	  100.00000    	  0.0000000    	  0.0000000    
