# pt34_6    
# underflow	  0.0000000    	  0.0000000    
# overflow	  12285.326    	  181.63403    
# sum	  863763.17    	  25293.397    
# xmin	xmax	cross	numerror
  0.0000000    	  1.0000000    	  9008.4908    	  1596.6362    
  1.0000000    	  2.0000000    	  18913.532    	  5008.9332    
  2.0000000    	  3.0000000    	  29176.681    	  4292.7065    
  3.0000000    	  4.0000000    	  38964.899    	  4127.3993    
  4.0000000    	  5.0000000    	  36091.376    	  3982.7255    
  5.0000000    	  6.0000000    	  35957.089    	  3823.9840    
  6.0000000    	  7.0000000    	  31631.573    	  3711.5727    
  7.0000000    	  8.0000000    	  32972.221    	  3680.8210    
  8.0000000    	  9.0000000    	  29033.877    	  3459.9193    
  9.0000000    	  10.000000    	  27487.471    	  3267.3536    
  10.000000    	  11.000000    	  25173.470    	  3180.2637    
  11.000000    	  12.000000    	  23514.331    	  3101.2907    
  12.000000    	  13.000000    	  21802.888    	  2961.0782    
  13.000000    	  14.000000    	  17205.397    	  2643.3582    
  14.000000    	  15.000000    	  19281.954    	  2783.9236    
  15.000000    	  16.000000    	  13832.706    	  2434.9399    
  16.000000    	  17.000000    	  16920.368    	  2567.2953    
  17.000000    	  18.000000    	  15853.620    	  2388.7288    
  18.000000    	  19.000000    	  7594.7765    	  1892.1921    
  19.000000    	  20.000000    	  12933.785    	  2230.2760    
  20.000000    	  21.000000    	  15571.664    	  2410.4627    
  21.000000    	  22.000000    	  9438.6460    	  2016.6997    
  22.000000    	  23.000000    	  6558.7904    	  1715.6930    
  23.000000    	  24.000000    	  12904.547    	  2234.8499    
  24.000000    	  25.000000    	  5799.0667    	  1655.9406    
  25.000000    	  26.000000    	  8491.1391    	  1800.0559    
  26.000000    	  27.000000    	  6184.2105    	  1644.0370    
  27.000000    	  28.000000    	  7081.3421    	  1722.9581    
  28.000000    	  29.000000    	  8002.7426    	  1978.4213    
  29.000000    	  30.000000    	  7523.2816    	  1798.8581    
  30.000000    	  31.000000    	  6610.5859    	  1633.1746    
  31.000000    	  32.000000    	  5076.0146    	  1426.8614    
  32.000000    	  33.000000    	  7310.8270    	  1562.7490    
  33.000000    	  34.000000    	  7052.9107    	  1913.0198    
  34.000000    	  35.000000    	  4762.5114    	  1627.8143    
  35.000000    	  36.000000    	  6695.0688    	  1589.7741    
  36.000000    	  37.000000    	  3952.5540    	  1520.3403    
  37.000000    	  38.000000    	  5941.5209    	  1541.8336    
  38.000000    	  39.000000    	  3265.1328    	  1315.3688    
  39.000000    	  40.000000    	  6347.0639    	  1593.5494    
  40.000000    	  41.000000    	  6916.6236    	  2057.0999    
  41.000000    	  42.000000    	  6515.9432    	  1756.6026    
  42.000000    	  43.000000    	  4388.3862    	  1462.8660    
  43.000000    	  44.000000    	  4268.2834    	  1240.6207    
  44.000000    	  45.000000    	  4566.0118    	  2316.1234    
  45.000000    	  46.000000    	  7606.8696    	  2603.5568    
  46.000000    	  47.000000    	  6235.9762    	  1865.8408    
  47.000000    	  48.000000    	  4081.2497    	  1785.2757    
  48.000000    	  49.000000    	  8941.5540    	  3551.5960    
  49.000000    	  50.000000    	  5827.3586    	  1906.5096    
  50.000000    	  51.000000    	  5216.1739    	  1724.5088    
  51.000000    	  52.000000    	  5576.5395    	  2257.3776    
  52.000000    	  53.000000    	  5327.4186    	  1948.7843    
  53.000000    	  54.000000    	  16707.705    	  5691.7859    
  54.000000    	  55.000000    	  7636.1720    	  2634.7829    
  55.000000    	  56.000000    	  16364.694    	  8454.5077    
  56.000000    	  57.000000    	  9241.1570    	  3198.3875    
  57.000000    	  58.000000    	  6075.3890    	  2381.8132    
  58.000000    	  59.000000    	  5620.2890    	  2547.8276    
  59.000000    	  60.000000    	  6842.1780    	  3263.7887    
  60.000000    	  61.000000    	  5594.6017    	  3183.0974    
  61.000000    	  62.000000    	  3948.9807    	  1901.0415    
  62.000000    	  63.000000    	  3855.7209    	  1943.4414    
  63.000000    	  64.000000    	  4251.4647    	  2493.5725    
  64.000000    	  65.000000    	  6124.2092    	  2392.2792    
  65.000000    	  66.000000    	  4881.9010    	  3336.6899    
  66.000000    	  67.000000    	  3363.0948    	  3376.7025    
  67.000000    	  68.000000    	  3603.5906    	  2263.1321    
  68.000000    	  69.000000    	  7521.5794    	  3552.6878    
  69.000000    	  70.000000    	  4028.6448    	  2215.0117    
  70.000000    	  71.000000    	  1675.5327    	  1219.0656    
  71.000000    	  72.000000    	  8882.1674    	  4081.6994    
  72.000000    	  73.000000    	  8317.1616    	  4070.7172    
  73.000000    	  74.000000    	  4723.4181    	  4304.1585    
  74.000000    	  75.000000    	  3238.4717    	  2362.3581    
  75.000000    	  76.000000    	  3917.4950    	  2400.2235    
  76.000000    	  77.000000    	  3662.4234    	  2370.7385    
  77.000000    	  78.000000    	  3014.2417    	  1941.6357    
  78.000000    	  79.000000    	  3313.0150    	  2954.7565    
  79.000000    	  80.000000    	  2611.1851    	  2321.0553    
  80.000000    	  81.000000    	  614.93854    	  70.399513    
  81.000000    	  82.000000    	  638.41263    	  71.573923    
  82.000000    	  83.000000    	  618.26390    	  67.187965    
  83.000000    	  84.000000    	  411.10706    	  59.071383    
  84.000000    	  85.000000    	  579.53352    	  60.559013    
  85.000000    	  86.000000    	  525.36085    	  59.789021    
  86.000000    	  87.000000    	  477.09479    	  62.260103    
  87.000000    	  88.000000    	  511.04503    	  61.013634    
  88.000000    	  89.000000    	  466.44199    	  54.867196    
  89.000000    	  90.000000    	  490.16501    	  50.515145    
  90.000000    	  91.000000    	  581.22646    	  50.211688    
  91.000000    	  92.000000    	  387.72572    	  48.476912    
  92.000000    	  93.000000    	  364.75352    	  46.342563    
  93.000000    	  94.000000    	  377.34000    	  44.573291    
  94.000000    	  95.000000    	  434.38699    	  45.684488    
  95.000000    	  96.000000    	  255.80647    	  42.701470    
  96.000000    	  97.000000    	  408.03991    	  42.059617    
  97.000000    	  98.000000    	  303.20672    	  42.982828    
  98.000000    	  99.000000    	  353.64777    	  40.308711    
  99.000000    	  100.00000    	  274.34395    	  36.041300    
