# pt34_12   
# underflow	  0.0000000    	  0.0000000    
# overflow	  9745.8194    	  189.16401    
# sum	  677861.08    	  19095.832    
# xmin	xmax	cross	numerror
  0.0000000    	  1.0000000    	  888.74870    	  359.46203    
  1.0000000    	  2.0000000    	  17096.352    	  5799.8629    
  2.0000000    	  3.0000000    	  32120.211    	  4617.5934    
  3.0000000    	  4.0000000    	  34775.735    	  4409.1016    
  4.0000000    	  5.0000000    	  37447.708    	  4181.8900    
  5.0000000    	  6.0000000    	  33071.373    	  3724.4241    
  6.0000000    	  7.0000000    	  30355.945    	  3713.7675    
  7.0000000    	  8.0000000    	  29589.547    	  3590.2179    
  8.0000000    	  9.0000000    	  29823.506    	  3543.5230    
  9.0000000    	  10.000000    	  21703.784    	  2960.6747    
  10.000000    	  11.000000    	  23107.407    	  3127.4269    
  11.000000    	  12.000000    	  26279.392    	  3149.2741    
  12.000000    	  13.000000    	  19571.447    	  2878.8806    
  13.000000    	  14.000000    	  17345.631    	  2574.6776    
  14.000000    	  15.000000    	  16214.762    	  2432.0876    
  15.000000    	  16.000000    	  12422.574    	  2121.5081    
  16.000000    	  17.000000    	  10166.292    	  1991.5741    
  17.000000    	  18.000000    	  8179.3895    	  1868.4792    
  18.000000    	  19.000000    	  10980.152    	  2037.2879    
  19.000000    	  20.000000    	  10487.464    	  1960.4172    
  20.000000    	  21.000000    	  7981.4721    	  1710.1182    
  21.000000    	  22.000000    	  8862.9159    	  1725.8115    
  22.000000    	  23.000000    	  9112.4854    	  1813.3355    
  23.000000    	  24.000000    	  6763.1848    	  1640.5811    
  24.000000    	  25.000000    	  9519.8853    	  1832.0113    
  25.000000    	  26.000000    	  6308.0431    	  1487.1240    
  26.000000    	  27.000000    	  4460.4287    	  1209.4582    
  27.000000    	  28.000000    	  5591.3450    	  1393.1514    
  28.000000    	  29.000000    	  4436.0053    	  1212.9773    
  29.000000    	  30.000000    	  5415.1068    	  1275.7429    
  30.000000    	  31.000000    	  4853.1554    	  1163.7291    
  31.000000    	  32.000000    	  3214.1170    	  1017.1370    
  32.000000    	  33.000000    	  3851.6978    	  1079.7806    
  33.000000    	  34.000000    	  4308.2304    	  1273.3178    
  34.000000    	  35.000000    	  5295.3385    	  1445.5701    
  35.000000    	  36.000000    	  3483.4955    	  1064.7802    
  36.000000    	  37.000000    	  3987.2809    	  1132.9729    
  37.000000    	  38.000000    	  2947.5687    	  1051.4032    
  38.000000    	  39.000000    	  5001.7808    	  1241.6293    
  39.000000    	  40.000000    	  4330.3311    	  981.16220    
  40.000000    	  41.000000    	  2257.2006    	  879.21404    
  41.000000    	  42.000000    	  2778.2484    	  976.72823    
  42.000000    	  43.000000    	  2910.4463    	  964.21844    
  43.000000    	  44.000000    	  3399.8212    	  1114.9248    
  44.000000    	  45.000000    	  5895.4573    	  1311.8460    
  45.000000    	  46.000000    	  4159.7690    	  1303.4057    
  46.000000    	  47.000000    	  3659.6826    	  1338.9755    
  47.000000    	  48.000000    	  4469.7915    	  1038.4429    
  48.000000    	  49.000000    	  4247.8096    	  1338.3954    
  49.000000    	  50.000000    	  2786.3024    	  1163.0021    
  50.000000    	  51.000000    	  3251.2599    	  1487.3270    
  51.000000    	  52.000000    	  2842.4779    	  969.28853    
  52.000000    	  53.000000    	  3383.6158    	  1105.0400    
  53.000000    	  54.000000    	  5363.6188    	  2853.5782    
  54.000000    	  55.000000    	  6708.5664    	  3655.7012    
  55.000000    	  56.000000    	  2960.0159    	  823.71063    
  56.000000    	  57.000000    	  2955.6233    	  944.70276    
  57.000000    	  58.000000    	  3426.4551    	  1703.5132    
  58.000000    	  59.000000    	  1922.6628    	  720.67577    
  59.000000    	  60.000000    	  2492.1005    	  869.64441    
  60.000000    	  61.000000    	  5982.7914    	  2931.9756    
  61.000000    	  62.000000    	  2516.3044    	  824.11428    
  62.000000    	  63.000000    	  2007.1966    	  789.79482    
  63.000000    	  64.000000    	  3802.7848    	  1758.2928    
  64.000000    	  65.000000    	  4991.8293    	  4264.0268    
  65.000000    	  66.000000    	  2279.7970    	  881.59284    
  66.000000    	  67.000000    	  1991.4842    	  697.97262    
  67.000000    	  68.000000    	  3754.4697    	  1419.7434    
  68.000000    	  69.000000    	  3619.7797    	  2913.5640    
  69.000000    	  70.000000    	  527.43793    	  98.156914    
  70.000000    	  71.000000    	  2005.1815    	  1239.7270    
  71.000000    	  72.000000    	  3053.4779    	  1472.3876    
  72.000000    	  73.000000    	  1672.9378    	  774.40690    
  73.000000    	  74.000000    	  3460.3821    	  2114.3554    
  74.000000    	  75.000000    	  3934.2784    	  2401.4638    
  75.000000    	  76.000000    	  3857.8516    	  2261.3458    
  76.000000    	  77.000000    	  4150.1472    	  2132.3702    
  77.000000    	  78.000000    	  1079.0763    	  431.17358    
  78.000000    	  79.000000    	  1296.1424    	  533.53400    
  79.000000    	  80.000000    	  940.24490    	  587.67071    
  80.000000    	  81.000000    	  551.58313    	  68.930608    
  81.000000    	  82.000000    	  544.83082    	  70.670907    
  82.000000    	  83.000000    	  518.55084    	  68.302387    
  83.000000    	  84.000000    	  485.23887    	  60.613549    
  84.000000    	  85.000000    	  441.23426    	  63.370716    
  85.000000    	  86.000000    	  589.61840    	  61.339229    
  86.000000    	  87.000000    	  499.79925    	  55.210394    
  87.000000    	  88.000000    	  380.82296    	  58.759685    
  88.000000    	  89.000000    	  422.62207    	  53.311953    
  89.000000    	  90.000000    	  450.70649    	  56.117137    
  90.000000    	  91.000000    	  342.19760    	  56.865677    
  91.000000    	  92.000000    	  329.74809    	  53.171086    
  92.000000    	  93.000000    	  359.80125    	  44.338788    
  93.000000    	  94.000000    	  381.91706    	  44.718828    
  94.000000    	  95.000000    	  224.38449    	  49.088817    
  95.000000    	  96.000000    	  329.58083    	  51.416690    
  96.000000    	  97.000000    	  326.94888    	  44.229025    
  97.000000    	  98.000000    	  275.83431    	  39.197262    
  98.000000    	  99.000000    	  261.63583    	  34.753808    
  99.000000    	  100.00000    	  252.39335    	  39.197162    
