# pt34_9    
# underflow	  0.0000000    	  0.0000000    
# overflow	  2458.1514    	  37.281833    
# sum	  147371.23    	  3732.6973    
# xmin	xmax	cross	numerror
  0.0000000    	  1.0000000    	  1301.9887    	  228.74355    
  1.0000000    	  2.0000000    	  3855.7089    	  1029.1203    
  2.0000000    	  3.0000000    	  6564.7659    	  771.75140    
  3.0000000    	  4.0000000    	  5680.0286    	  675.98380    
  4.0000000    	  5.0000000    	  6367.4854    	  684.67669    
  5.0000000    	  6.0000000    	  6433.3882    	  648.28672    
  6.0000000    	  7.0000000    	  5514.0212    	  602.27021    
  7.0000000    	  8.0000000    	  6049.7113    	  605.58158    
  8.0000000    	  9.0000000    	  4977.5484    	  561.72570    
  9.0000000    	  10.000000    	  4599.1254    	  532.77098    
  10.000000    	  11.000000    	  4195.4801    	  521.81386    
  11.000000    	  12.000000    	  4274.7754    	  504.49744    
  12.000000    	  13.000000    	  3724.9331    	  476.79218    
  13.000000    	  14.000000    	  3551.3557    	  464.37540    
  14.000000    	  15.000000    	  3173.1932    	  438.84005    
  15.000000    	  16.000000    	  2950.5888    	  422.43964    
  16.000000    	  17.000000    	  2461.9785    	  404.97802    
  17.000000    	  18.000000    	  2474.0083    	  380.26717    
  18.000000    	  19.000000    	  2058.0332    	  366.44763    
  19.000000    	  20.000000    	  2678.1886    	  382.47239    
  20.000000    	  21.000000    	  1643.2188    	  311.82471    
  21.000000    	  22.000000    	  1984.6794    	  344.71919    
  22.000000    	  23.000000    	  1707.7964    	  329.12171    
  23.000000    	  24.000000    	  1621.3590    	  313.79491    
  24.000000    	  25.000000    	  1157.8904    	  276.44452    
  25.000000    	  26.000000    	  1168.5823    	  254.86407    
  26.000000    	  27.000000    	  1306.6566    	  285.21361    
  27.000000    	  28.000000    	  1596.0574    	  287.97666    
  28.000000    	  29.000000    	  1025.6856    	  266.52836    
  29.000000    	  30.000000    	  1276.3006    	  294.99096    
  30.000000    	  31.000000    	  1176.8938    	  290.92400    
  31.000000    	  32.000000    	  1246.4470    	  270.89607    
  32.000000    	  33.000000    	  1011.8769    	  243.37980    
  33.000000    	  34.000000    	  1064.5969    	  270.98548    
  34.000000    	  35.000000    	  837.14692    	  208.25749    
  35.000000    	  36.000000    	  976.29280    	  241.08392    
  36.000000    	  37.000000    	  893.46697    	  269.85536    
  37.000000    	  38.000000    	  883.46292    	  255.97358    
  38.000000    	  39.000000    	  923.65008    	  248.20838    
  39.000000    	  40.000000    	  997.90837    	  318.16396    
  40.000000    	  41.000000    	  772.08623    	  215.25214    
  41.000000    	  42.000000    	  997.07657    	  359.93140    
  42.000000    	  43.000000    	  1095.6181    	  362.12209    
  43.000000    	  44.000000    	  790.71531    	  246.14486    
  44.000000    	  45.000000    	  719.61210    	  237.34800    
  45.000000    	  46.000000    	  1258.0916    	  376.36510    
  46.000000    	  47.000000    	  1921.8251    	  554.49942    
  47.000000    	  48.000000    	  1601.5810    	  431.87604    
  48.000000    	  49.000000    	  1686.9389    	  442.71382    
  49.000000    	  50.000000    	  1214.1560    	  390.47092    
  50.000000    	  51.000000    	  891.43841    	  289.16683    
  51.000000    	  52.000000    	  1027.1843    	  327.66157    
  52.000000    	  53.000000    	  1346.4904    	  462.37737    
  53.000000    	  54.000000    	  544.43756    	  254.91788    
  54.000000    	  55.000000    	  751.05892    	  273.35845    
  55.000000    	  56.000000    	  776.19546    	  309.06781    
  56.000000    	  57.000000    	  833.70680    	  305.64105    
  57.000000    	  58.000000    	  768.96627    	  350.19930    
  58.000000    	  59.000000    	  1080.4033    	  497.88622    
  59.000000    	  60.000000    	  1438.5459    	  515.10142    
  60.000000    	  61.000000    	  1023.8795    	  709.24975    
  61.000000    	  62.000000    	  1493.5489    	  585.70637    
  62.000000    	  63.000000    	  832.02078    	  354.65372    
  63.000000    	  64.000000    	  365.18499    	  361.49400    
  64.000000    	  65.000000    	  889.60737    	  350.25406    
  65.000000    	  66.000000    	  934.52601    	  400.42042    
  66.000000    	  67.000000    	  1098.3473    	  521.61852    
  67.000000    	  68.000000    	  456.64273    	  257.33416    
  68.000000    	  69.000000    	  1221.5673    	  719.63110    
  69.000000    	  70.000000    	  650.52163    	  245.49390    
  70.000000    	  71.000000    	  378.45529    	  215.41499    
  71.000000    	  72.000000    	  805.20186    	  462.45402    
  72.000000    	  73.000000    	  618.83583    	  385.49033    
  73.000000    	  74.000000    	  636.40189    	  386.64222    
  74.000000    	  75.000000    	  566.35926    	  233.38020    
  75.000000    	  76.000000    	  459.84192    	  198.02417    
  76.000000    	  77.000000    	  451.27458    	  287.54486    
  77.000000    	  78.000000    	  475.69254    	  291.04386    
  78.000000    	  79.000000    	  431.05034    	  250.66459    
  79.000000    	  80.000000    	  431.61603    	  275.80117    
  80.000000    	  81.000000    	  118.04284    	  13.542926    
  81.000000    	  82.000000    	  113.28782    	  12.947815    
  82.000000    	  83.000000    	  114.48278    	  11.994089    
  83.000000    	  84.000000    	  103.39321    	  11.913404    
  84.000000    	  85.000000    	  102.65034    	  11.799829    
  85.000000    	  86.000000    	  94.277967    	  11.174914    
  86.000000    	  87.000000    	  101.73263    	  10.843948    
  87.000000    	  88.000000    	  107.94121    	  10.841536    
  88.000000    	  89.000000    	  89.443061    	  11.287639    
  89.000000    	  90.000000    	  86.295341    	  11.388442    
  90.000000    	  91.000000    	  98.909154    	  9.7681290    
  91.000000    	  92.000000    	  79.231413    	  9.2174106    
  92.000000    	  93.000000    	  71.695830    	  9.3152388    
  93.000000    	  94.000000    	  93.657163    	  9.4689650    
  94.000000    	  95.000000    	  65.872987    	  9.8137673    
  95.000000    	  96.000000    	  74.434724    	  9.0832010    
  96.000000    	  97.000000    	  68.745456    	  8.7465438    
  97.000000    	  98.000000    	  65.476457    	  8.1818119    
  98.000000    	  99.000000    	  76.348353    	  8.4898547    
  99.000000    	  100.00000    	  64.178920    	  7.5778592    
