# pt34_5    
# underflow	  0.0000000    	  0.0000000    
# overflow	  2823.0318    	  38.909006    
# sum	  182986.74    	  1186.2977    
# xmin	xmax	cross	numerror
  0.0000000    	  1.0000000    	  0.0000000    	  0.0000000    
  1.0000000    	  2.0000000    	  6824.1187    	  757.51366    
  2.0000000    	  3.0000000    	  16924.632    	  463.13447    
  3.0000000    	  4.0000000    	  16054.178    	  355.43888    
  4.0000000    	  5.0000000    	  13941.042    	  270.19483    
  5.0000000    	  6.0000000    	  11390.025    	  240.40690    
  6.0000000    	  7.0000000    	  9747.2696    	  221.13474    
  7.0000000    	  8.0000000    	  8215.9607    	  196.59183    
  8.0000000    	  9.0000000    	  7533.3933    	  163.20516    
  9.0000000    	  10.000000    	  6602.7766    	  145.48240    
  10.000000    	  11.000000    	  5970.1132    	  134.52215    
  11.000000    	  12.000000    	  5044.1186    	  152.30279    
  12.000000    	  13.000000    	  4887.0306    	  137.25325    
  13.000000    	  14.000000    	  4185.8503    	  109.93033    
  14.000000    	  15.000000    	  3755.9653    	  106.99223    
  15.000000    	  16.000000    	  3764.6979    	  108.32855    
  16.000000    	  17.000000    	  3284.3868    	  100.96214    
  17.000000    	  18.000000    	  2878.6838    	  91.787390    
  18.000000    	  19.000000    	  2744.2752    	  81.993783    
  19.000000    	  20.000000    	  2461.8698    	  83.070046    
  20.000000    	  21.000000    	  2417.4999    	  81.528898    
  21.000000    	  22.000000    	  2163.2283    	  71.463265    
  22.000000    	  23.000000    	  2036.1005    	  72.191874    
  23.000000    	  24.000000    	  1835.4303    	  72.149343    
  24.000000    	  25.000000    	  1827.3572    	  65.636320    
  25.000000    	  26.000000    	  1751.0802    	  65.121452    
  26.000000    	  27.000000    	  1559.4126    	  69.344960    
  27.000000    	  28.000000    	  1517.9509    	  62.656865    
  28.000000    	  29.000000    	  1353.2846    	  60.595753    
  29.000000    	  30.000000    	  1360.1877    	  58.713009    
  30.000000    	  31.000000    	  1265.5010    	  54.653987    
  31.000000    	  32.000000    	  1138.4012    	  54.708991    
  32.000000    	  33.000000    	  1077.0457    	  51.971992    
  33.000000    	  34.000000    	  1185.3769    	  47.878140    
  34.000000    	  35.000000    	  900.15882    	  46.988005    
  35.000000    	  36.000000    	  903.63110    	  46.823656    
  36.000000    	  37.000000    	  953.57201    	  43.041635    
  37.000000    	  38.000000    	  886.69729    	  39.274576    
  38.000000    	  39.000000    	  720.54505    	  42.308062    
  39.000000    	  40.000000    	  785.08523    	  40.009538    
  40.000000    	  41.000000    	  777.34207    	  39.625439    
  41.000000    	  42.000000    	  739.27735    	  41.916076    
  42.000000    	  43.000000    	  639.37249    	  38.575487    
  43.000000    	  44.000000    	  645.20465    	  37.321398    
  44.000000    	  45.000000    	  654.98994    	  37.637232    
  45.000000    	  46.000000    	  588.92053    	  32.868242    
  46.000000    	  47.000000    	  495.94478    	  33.378861    
  47.000000    	  48.000000    	  505.08455    	  33.498376    
  48.000000    	  49.000000    	  507.68436    	  30.376041    
  49.000000    	  50.000000    	  475.55533    	  29.290880    
  50.000000    	  51.000000    	  471.14695    	  30.264071    
  51.000000    	  52.000000    	  475.00581    	  29.290407    
  52.000000    	  53.000000    	  395.45413    	  26.307520    
  53.000000    	  54.000000    	  411.47335    	  25.939026    
  54.000000    	  55.000000    	  396.72082    	  25.724663    
  55.000000    	  56.000000    	  372.77994    	  26.816076    
  56.000000    	  57.000000    	  347.42690    	  24.409070    
  57.000000    	  58.000000    	  358.85676    	  22.105731    
  58.000000    	  59.000000    	  334.13945    	  24.027398    
  59.000000    	  60.000000    	  313.00367    	  23.484663    
  60.000000    	  61.000000    	  313.11494    	  21.993254    
  61.000000    	  62.000000    	  299.87139    	  22.608356    
  62.000000    	  63.000000    	  272.03292    	  21.954055    
  63.000000    	  64.000000    	  264.05381    	  19.522340    
  64.000000    	  65.000000    	  240.49519    	  20.532721    
  65.000000    	  66.000000    	  270.70347    	  23.474155    
  66.000000    	  67.000000    	  243.09345    	  18.799029    
  67.000000    	  68.000000    	  217.93037    	  16.939945    
  68.000000    	  69.000000    	  241.54514    	  17.335843    
  69.000000    	  70.000000    	  224.69079    	  17.500323    
  70.000000    	  71.000000    	  208.62119    	  18.673493    
  71.000000    	  72.000000    	  210.93626    	  16.822275    
  72.000000    	  73.000000    	  185.58164    	  16.342147    
  73.000000    	  74.000000    	  180.01779    	  16.132394    
  74.000000    	  75.000000    	  186.85464    	  15.159901    
  75.000000    	  76.000000    	  153.91388    	  14.946823    
  76.000000    	  77.000000    	  175.64262    	  15.223628    
  77.000000    	  78.000000    	  157.73470    	  15.369439    
  78.000000    	  79.000000    	  162.80348    	  15.316965    
  79.000000    	  80.000000    	  134.48847    	  15.394960    
  80.000000    	  81.000000    	  142.31961    	  13.451868    
  81.000000    	  82.000000    	  133.13315    	  14.296522    
  82.000000    	  83.000000    	  120.63149    	  14.240731    
  83.000000    	  84.000000    	  137.17807    	  12.814736    
  84.000000    	  85.000000    	  133.70920    	  13.678850    
  85.000000    	  86.000000    	  122.72916    	  12.320070    
  86.000000    	  87.000000    	  104.02347    	  10.377257    
  87.000000    	  88.000000    	  98.328932    	  11.817363    
  88.000000    	  89.000000    	  97.062587    	  11.347544    
  89.000000    	  90.000000    	  109.08336    	  10.594271    
  90.000000    	  91.000000    	  101.69545    	  10.671835    
  91.000000    	  92.000000    	  95.819452    	  11.822372    
  92.000000    	  93.000000    	  102.16599    	  10.222847    
  93.000000    	  94.000000    	  81.735819    	  10.097355    
  94.000000    	  95.000000    	  91.003365    	  10.092637    
  95.000000    	  96.000000    	  85.991177    	  9.6383731    
  96.000000    	  97.000000    	  68.698583    	  8.5257147    
  97.000000    	  98.000000    	  74.608692    	  8.6138136    
  98.000000    	  99.000000    	  76.793416    	  8.5692906    
  99.000000    	  100.00000    	  89.551235    	  8.2478488    
