# pt34_31   
# underflow	  7.2014484    	  6.6100149    
# overflow	  0.0000000    	  0.0000000    
# sum	  50381.069    	  1986.6840    
# xmin	xmax	cross	numerror
 0.10000000    	  1.0000000    	  447.26195    	  126.55478    
  1.0000000    	  2.0000000    	  1356.9781    	  214.25144    
  2.0000000    	  3.0000000    	  2056.6640    	  264.39903    
  3.0000000    	  4.0000000    	  1973.7335    	  256.13583    
  4.0000000    	  5.0000000    	  2084.5292    	  262.95150    
  5.0000000    	  6.0000000    	  2048.9811    	  259.72872    
  6.0000000    	  7.0000000    	  1910.4008    	  251.78953    
  7.0000000    	  8.0000000    	  1930.6872    	  255.68402    
  8.0000000    	  9.0000000    	  1719.7240    	  238.92384    
  9.0000000    	  10.000000    	  1574.5374    	  230.77334    
  10.000000    	  11.000000    	  1468.5264    	  225.62756    
  11.000000    	  12.000000    	  1351.7504    	  213.52524    
  12.000000    	  13.000000    	  1152.2384    	  196.49314    
  13.000000    	  14.000000    	  1105.9259    	  193.62737    
  14.000000    	  15.000000    	  1063.0627    	  191.43681    
  15.000000    	  16.000000    	  908.10300    	  172.45081    
  16.000000    	  17.000000    	  1024.7209    	  186.24827    
  17.000000    	  18.000000    	  901.86080    	  184.88877    
  18.000000    	  19.000000    	  737.98150    	  158.24391    
  19.000000    	  20.000000    	  743.53956    	  155.85806    
  20.000000    	  21.000000    	  691.18019    	  150.56230    
  21.000000    	  22.000000    	  548.15132    	  134.68419    
  22.000000    	  23.000000    	  520.77510    	  131.32657    
  23.000000    	  24.000000    	  576.06077    	  143.14033    
  24.000000    	  25.000000    	  524.23300    	  138.86893    
  25.000000    	  26.000000    	  524.01257    	  139.93554    
  26.000000    	  27.000000    	  636.78568    	  163.45414    
  27.000000    	  28.000000    	  394.11822    	  116.83408    
  28.000000    	  29.000000    	  517.63075    	  145.63706    
  29.000000    	  30.000000    	  418.83958    	  140.38856    
  30.000000    	  31.000000    	  498.55274    	  130.29006    
  31.000000    	  32.000000    	  396.07793    	  120.60221    
  32.000000    	  33.000000    	  397.01790    	  116.46841    
  33.000000    	  34.000000    	  381.08215    	  123.48482    
  34.000000    	  35.000000    	  301.89810    	  102.75020    
  35.000000    	  36.000000    	  326.10030    	  134.23147    
  36.000000    	  37.000000    	  489.14823    	  147.49513    
  37.000000    	  38.000000    	  371.92326    	  175.91154    
  38.000000    	  39.000000    	  376.54094    	  133.03657    
  39.000000    	  40.000000    	  365.69306    	  133.16860    
  40.000000    	  41.000000    	  374.90905    	  135.04192    
  41.000000    	  42.000000    	  308.26805    	  105.40944    
  42.000000    	  43.000000    	  331.73325    	  148.47292    
  43.000000    	  44.000000    	  301.11467    	  123.39301    
  44.000000    	  45.000000    	  344.82412    	  131.41644    
  45.000000    	  46.000000    	  300.44549    	  134.53194    
  46.000000    	  47.000000    	  458.37857    	  176.60175    
  47.000000    	  48.000000    	  350.20398    	  202.57410    
  48.000000    	  49.000000    	  406.09971    	  189.91594    
  49.000000    	  50.000000    	  298.92478    	  150.66843    
  50.000000    	  51.000000    	  460.64702    	  221.91503    
  51.000000    	  52.000000    	  277.85109    	  196.51649    
  52.000000    	  53.000000    	  363.98579    	  210.79112    
  53.000000    	  54.000000    	  378.94983    	  176.88744    
  54.000000    	  55.000000    	  326.12172    	  230.65890    
  55.000000    	  56.000000    	  441.53692    	  228.19422    
  56.000000    	  57.000000    	  418.17622    	  242.65651    
  57.000000    	  58.000000    	  383.16825    	  169.57091    
  58.000000    	  59.000000    	  365.38372    	  365.38372    
  59.000000    	  60.000000    	  299.61717    	  174.07199    
  60.000000    	  61.000000    	  338.36511    	  338.36511    
  61.000000    	  62.000000    	  387.02698    	  182.48005    
  62.000000    	  63.000000    	  219.08399    	  159.33679    
  63.000000    	  64.000000    	  312.38103    	  222.41368    
  64.000000    	  65.000000    	  352.43079    	  249.66944    
  65.000000    	  66.000000    	  382.21671    	  382.21671    
  66.000000    	  67.000000    	  291.65445    	  291.65445    
  67.000000    	  68.000000    	  283.84678    	  164.56233    
  68.000000    	  69.000000    	  322.63107    	  228.41892    
  69.000000    	  70.000000    	  285.78386    	  285.78386    
  70.000000    	  71.000000    	  289.76261    	  289.76261    
  71.000000    	  72.000000    	  341.37392    	  341.37392    
  72.000000    	  73.000000    	  338.16901    	  338.16901    
  73.000000    	  74.000000    	  330.26767    	  330.26767    
  74.000000    	  75.000000    	  449.50559    	  449.50559    
  75.000000    	  76.000000    	  258.45122    	  258.45122    
  76.000000    	  77.000000    	  284.56042    	  165.52108    
  77.000000    	  78.000000    	  683.29251    	  683.29251    
  78.000000    	  79.000000    	  215.69569    	  152.86814    
  79.000000    	  80.000000    	  0.0000000    	  0.0000000    
  80.000000    	  81.000000    	  0.0000000    	  0.0000000    
  81.000000    	  82.000000    	  0.0000000    	  0.0000000    
  82.000000    	  83.000000    	  0.0000000    	  0.0000000    
  83.000000    	  84.000000    	  0.0000000    	  0.0000000    
  84.000000    	  85.000000    	  0.0000000    	  0.0000000    
  85.000000    	  86.000000    	  0.0000000    	  0.0000000    
  86.000000    	  87.000000    	  0.0000000    	  0.0000000    
  87.000000    	  88.000000    	  0.0000000    	  0.0000000    
  88.000000    	  89.000000    	  0.0000000    	  0.0000000    
  89.000000    	  90.000000    	  0.0000000    	  0.0000000    
  90.000000    	  91.000000    	  0.0000000    	  0.0000000    
  91.000000    	  92.000000    	  0.0000000    	  0.0000000    
  92.000000    	  93.000000    	  0.0000000    	  0.0000000    
  93.000000    	  94.000000    	  0.0000000    	  0.0000000    
  94.000000    	  95.000000    	  0.0000000    	  0.0000000    
  95.000000    	  96.000000    	  0.0000000    	  0.0000000    
  96.000000    	  97.000000    	  0.0000000    	  0.0000000    
  97.000000    	  98.000000    	  0.0000000    	  0.0000000    
  98.000000    	  99.000000    	  0.0000000    	  0.0000000    
  99.000000    	  100.00000    	  0.0000000    	  0.0000000    
