# pt34_16   
# underflow	  0.0000000    	  0.0000000    
# overflow	  401.68946    	  8.3748297    
# sum	  90528.354    	  2732.6045    
# xmin	xmax	cross	numerror
  0.0000000    	  1.0000000    	  73.430637    	  40.449955    
  1.0000000    	  2.0000000    	  3190.0872    	  922.99805    
  2.0000000    	  3.0000000    	  4238.5589    	  759.13097    
  3.0000000    	  4.0000000    	  4645.8732    	  642.08375    
  4.0000000    	  5.0000000    	  5489.7221    	  623.34720    
  5.0000000    	  6.0000000    	  4254.4447    	  562.48192    
  6.0000000    	  7.0000000    	  4304.8341    	  536.67254    
  7.0000000    	  8.0000000    	  3825.3909    	  506.16197    
  8.0000000    	  9.0000000    	  3490.6477    	  481.21071    
  9.0000000    	  10.000000    	  3174.9734    	  448.59823    
  10.000000    	  11.000000    	  2921.7383    	  441.30091    
  11.000000    	  12.000000    	  2640.1263    	  390.49304    
  12.000000    	  13.000000    	  2306.7427    	  371.14350    
  13.000000    	  14.000000    	  1913.6890    	  341.42174    
  14.000000    	  15.000000    	  2404.1552    	  368.69108    
  15.000000    	  16.000000    	  1542.5689    	  313.40209    
  16.000000    	  17.000000    	  1617.1985    	  305.58986    
  17.000000    	  18.000000    	  1601.9010    	  303.96076    
  18.000000    	  19.000000    	  1137.9722    	  258.05836    
  19.000000    	  20.000000    	  1196.5030    	  250.62916    
  20.000000    	  21.000000    	  1309.8521    	  243.61295    
  21.000000    	  22.000000    	  910.81467    	  217.38163    
  22.000000    	  23.000000    	  1220.5116    	  266.07336    
  23.000000    	  24.000000    	  924.51537    	  243.91920    
  24.000000    	  25.000000    	  1121.0799    	  231.28108    
  25.000000    	  26.000000    	  975.25628    	  235.61364    
  26.000000    	  27.000000    	  1026.2105    	  217.59168    
  27.000000    	  28.000000    	  817.32676    	  232.06347    
  28.000000    	  29.000000    	  1193.2943    	  239.46004    
  29.000000    	  30.000000    	  627.45008    	  197.23963    
  30.000000    	  31.000000    	  852.72035    	  231.80123    
  31.000000    	  32.000000    	  844.23071    	  213.99832    
  32.000000    	  33.000000    	  922.82486    	  255.86706    
  33.000000    	  34.000000    	  728.08735    	  204.20214    
  34.000000    	  35.000000    	  756.58186    	  232.94441    
  35.000000    	  36.000000    	  401.56534    	  112.86042    
  36.000000    	  37.000000    	  690.06471    	  254.38918    
  37.000000    	  38.000000    	  569.47263    	  170.57525    
  38.000000    	  39.000000    	  698.61140    	  322.39683    
  39.000000    	  40.000000    	  413.26373    	  131.84109    
  40.000000    	  41.000000    	  546.16926    	  163.45570    
  41.000000    	  42.000000    	  737.53534    	  223.49773    
  42.000000    	  43.000000    	  413.56565    	  100.86252    
  43.000000    	  44.000000    	  443.43020    	  156.80068    
  44.000000    	  45.000000    	  562.47736    	  197.79164    
  45.000000    	  46.000000    	  631.91265    	  224.34478    
  46.000000    	  47.000000    	  507.65052    	  145.14089    
  47.000000    	  48.000000    	  445.54624    	  137.83009    
  48.000000    	  49.000000    	  409.36592    	  207.46216    
  49.000000    	  50.000000    	  431.99817    	  171.79666    
  50.000000    	  51.000000    	  581.10559    	  218.00988    
  51.000000    	  52.000000    	  757.78398    	  345.56724    
  52.000000    	  53.000000    	  541.95182    	  203.72449    
  53.000000    	  54.000000    	  524.53272    	  173.57941    
  54.000000    	  55.000000    	  480.76705    	  187.68018    
  55.000000    	  56.000000    	  466.36212    	  200.47137    
  56.000000    	  57.000000    	  404.60882    	  256.48072    
  57.000000    	  58.000000    	  842.64215    	  547.22800    
  58.000000    	  59.000000    	  411.73049    	  207.73729    
  59.000000    	  60.000000    	  480.72165    	  201.05198    
  60.000000    	  61.000000    	  210.82519    	  97.081122    
  61.000000    	  62.000000    	  520.60631    	  217.19658    
  62.000000    	  63.000000    	  600.42058    	  269.88763    
  63.000000    	  64.000000    	  543.59930    	  343.65544    
  64.000000    	  65.000000    	  392.68101    	  153.82292    
  65.000000    	  66.000000    	  54.141403    	  11.143527    
  66.000000    	  67.000000    	  366.19613    	  204.55437    
  67.000000    	  68.000000    	  307.40762    	  171.60073    
  68.000000    	  69.000000    	  253.42294    	  150.65148    
  69.000000    	  70.000000    	  349.32384    	  146.82607    
  70.000000    	  71.000000    	  341.64974    	  210.21431    
  71.000000    	  72.000000    	  658.32775    	  418.10989    
  72.000000    	  73.000000    	  306.97289    	  136.19108    
  73.000000    	  74.000000    	  297.42507    	  165.85006    
  74.000000    	  75.000000    	  155.69869    	  102.03454    
  75.000000    	  76.000000    	  182.42279    	  99.201773    
  76.000000    	  77.000000    	  165.77604    	  54.147801    
  77.000000    	  78.000000    	  110.85407    	  51.956101    
  78.000000    	  79.000000    	  54.821744    	  8.0005079    
  79.000000    	  80.000000    	  162.25133    	  73.141509    
  80.000000    	  81.000000    	  30.351888    	  5.5676160    
  81.000000    	  82.000000    	  31.211981    	  5.1931090    
  82.000000    	  83.000000    	  31.158722    	  5.2071861    
  83.000000    	  84.000000    	  41.247711    	  5.2582842    
  84.000000    	  85.000000    	  29.474079    	  5.5146914    
  85.000000    	  86.000000    	  34.028251    	  5.1560297    
  86.000000    	  87.000000    	  27.599528    	  4.8998034    
  87.000000    	  88.000000    	  24.051562    	  4.4825138    
  88.000000    	  89.000000    	  22.828933    	  4.9301841    
  89.000000    	  90.000000    	  33.755975    	  4.2577500    
  90.000000    	  91.000000    	  17.650741    	  4.0390557    
  91.000000    	  92.000000    	  20.876505    	  4.1133776    
  92.000000    	  93.000000    	  21.534226    	  3.6243714    
  93.000000    	  94.000000    	  20.857337    	  3.6975248    
  94.000000    	  95.000000    	  17.381177    	  4.1487852    
  95.000000    	  96.000000    	  23.110000    	  3.3151683    
  96.000000    	  97.000000    	  17.858409    	  3.3793744    
  97.000000    	  98.000000    	  15.472919    	  3.2350306    
  98.000000    	  99.000000    	  17.367170    	  3.5462575    
  99.000000    	  100.00000    	  17.873317    	  3.0135687    
