# pt34_15   
# underflow	  0.0000000    	  0.0000000    
# overflow	  0.0000000    	  0.0000000    
# sum	  98244.221    	  2494.9944    
# xmin	xmax	cross	numerror
  0.0000000    	  1.0000000    	  519.80467    	  140.28220    
  1.0000000    	  2.0000000    	  3966.1936    	  470.26123    
  2.0000000    	  3.0000000    	  4962.7501    	  515.19085    
  3.0000000    	  4.0000000    	  5518.9414    	  543.55761    
  4.0000000    	  5.0000000    	  4986.6741    	  505.09217    
  5.0000000    	  6.0000000    	  5225.7669    	  512.81752    
  6.0000000    	  7.0000000    	  4721.0436    	  483.51969    
  7.0000000    	  8.0000000    	  3722.9316    	  427.68010    
  8.0000000    	  9.0000000    	  4173.5907    	  459.12823    
  9.0000000    	  10.000000    	  3662.6346    	  426.96500    
  10.000000    	  11.000000    	  3051.3302    	  384.41286    
  11.000000    	  12.000000    	  3129.6891    	  391.49988    
  12.000000    	  13.000000    	  3018.9836    	  382.24446    
  13.000000    	  14.000000    	  2712.7627    	  362.98436    
  14.000000    	  15.000000    	  2518.0406    	  342.65049    
  15.000000    	  16.000000    	  2273.6397    	  331.32293    
  16.000000    	  17.000000    	  1674.5798    	  278.32093    
  17.000000    	  18.000000    	  1865.1774    	  295.40187    
  18.000000    	  19.000000    	  1734.4490    	  286.48328    
  19.000000    	  20.000000    	  1326.5618    	  257.72035    
  20.000000    	  21.000000    	  1745.5759    	  281.51759    
  21.000000    	  22.000000    	  1163.5399    	  229.06239    
  22.000000    	  23.000000    	  1369.6338    	  248.53729    
  23.000000    	  24.000000    	  900.64857    	  209.22373    
  24.000000    	  25.000000    	  899.49028    	  201.40442    
  25.000000    	  26.000000    	  1118.5821    	  236.23240    
  26.000000    	  27.000000    	  901.28113    	  211.97574    
  27.000000    	  28.000000    	  1062.2982    	  221.93566    
  28.000000    	  29.000000    	  735.25313    	  179.17235    
  29.000000    	  30.000000    	  854.79571    	  207.63277    
  30.000000    	  31.000000    	  662.33008    	  167.23471    
  31.000000    	  32.000000    	  754.17916    	  221.81873    
  32.000000    	  33.000000    	  628.08664    	  168.82359    
  33.000000    	  34.000000    	  455.36383    	  140.30333    
  34.000000    	  35.000000    	  672.48890    	  197.72537    
  35.000000    	  36.000000    	  724.25161    	  224.02191    
  36.000000    	  37.000000    	  855.25702    	  245.55037    
  37.000000    	  38.000000    	  645.03072    	  198.73015    
  38.000000    	  39.000000    	  511.61407    	  149.06678    
  39.000000    	  40.000000    	  686.09096    	  215.94915    
  40.000000    	  41.000000    	  371.63035    	  123.37431    
  41.000000    	  42.000000    	  541.18859    	  214.43280    
  42.000000    	  43.000000    	  855.79094    	  288.27363    
  43.000000    	  44.000000    	  472.07009    	  149.40709    
  44.000000    	  45.000000    	  468.64606    	  180.44914    
  45.000000    	  46.000000    	  485.00147    	  172.30323    
  46.000000    	  47.000000    	  714.55638    	  246.52808    
  47.000000    	  48.000000    	  644.55359    	  292.22891    
  48.000000    	  49.000000    	  726.02747    	  297.51841    
  49.000000    	  50.000000    	  768.08738    	  252.33423    
  50.000000    	  51.000000    	  452.85938    	  178.36639    
  51.000000    	  52.000000    	  394.23933    	  176.71260    
  52.000000    	  53.000000    	  660.66163    	  257.73763    
  53.000000    	  54.000000    	  520.17528    	  221.45273    
  54.000000    	  55.000000    	  330.80056    	  234.09634    
  55.000000    	  56.000000    	  654.04386    	  329.59881    
  56.000000    	  57.000000    	  391.12559    	  175.61406    
  57.000000    	  58.000000    	  342.98295    	  125.68948    
  58.000000    	  59.000000    	  386.56810    	  246.59832    
  59.000000    	  60.000000    	  647.43184    	  457.74867    
  60.000000    	  61.000000    	  620.77141    	  255.79335    
  61.000000    	  62.000000    	  671.82374    	  346.58585    
  62.000000    	  63.000000    	  681.26873    	  283.01599    
  63.000000    	  64.000000    	  312.73929    	  190.58889    
  64.000000    	  65.000000    	  370.58269    	  230.89727    
  65.000000    	  66.000000    	  491.91766    	  491.91766    
  66.000000    	  67.000000    	  266.15723    	  154.17146    
  67.000000    	  68.000000    	  53.597582    	  45.879493    
  68.000000    	  69.000000    	  123.86714    	  83.218227    
  69.000000    	  70.000000    	  267.07908    	  189.39325    
  70.000000    	  71.000000    	  0.0000000    	  0.0000000    
  71.000000    	  72.000000    	  261.78124    	  261.78124    
  72.000000    	  73.000000    	  241.27506    	  171.25673    
  73.000000    	  74.000000    	  206.51993    	  206.51993    
  74.000000    	  75.000000    	  260.31120    	  184.89606    
  75.000000    	  76.000000    	  212.56204    	  212.56204    
  76.000000    	  77.000000    	 -27.284228    	  31.742246    
  77.000000    	  78.000000    	  152.02811    	  108.02071    
  78.000000    	  79.000000    	  90.313402    	  64.861863    
  79.000000    	  80.000000    	  47.131629    	  29.779228    
  80.000000    	  81.000000    	  0.0000000    	  0.0000000    
  81.000000    	  82.000000    	  0.0000000    	  0.0000000    
  82.000000    	  83.000000    	  0.0000000    	  0.0000000    
  83.000000    	  84.000000    	  0.0000000    	  0.0000000    
  84.000000    	  85.000000    	  0.0000000    	  0.0000000    
  85.000000    	  86.000000    	  0.0000000    	  0.0000000    
  86.000000    	  87.000000    	  0.0000000    	  0.0000000    
  87.000000    	  88.000000    	  0.0000000    	  0.0000000    
  88.000000    	  89.000000    	  0.0000000    	  0.0000000    
  89.000000    	  90.000000    	  0.0000000    	  0.0000000    
  90.000000    	  91.000000    	  0.0000000    	  0.0000000    
  91.000000    	  92.000000    	  0.0000000    	  0.0000000    
  92.000000    	  93.000000    	  0.0000000    	  0.0000000    
  93.000000    	  94.000000    	  0.0000000    	  0.0000000    
  94.000000    	  95.000000    	  0.0000000    	  0.0000000    
  95.000000    	  96.000000    	  0.0000000    	  0.0000000    
  96.000000    	  97.000000    	  0.0000000    	  0.0000000    
  97.000000    	  98.000000    	  0.0000000    	  0.0000000    
  98.000000    	  99.000000    	  0.0000000    	  0.0000000    
  99.000000    	  100.00000    	  0.0000000    	  0.0000000    
