# pt34_32   
# underflow	  22.006663    	  16.275853    
# overflow	  0.0000000    	  0.0000000    
# sum	  64805.418    	  2033.1756    
# xmin	xmax	cross	numerror
 0.10000000    	  1.0000000    	  579.87676    	  147.87684    
  1.0000000    	  2.0000000    	  1869.7996    	  269.50989    
  2.0000000    	  3.0000000    	  2371.6176    	  302.63955    
  3.0000000    	  4.0000000    	  3190.7627    	  351.28889    
  4.0000000    	  5.0000000    	  3019.4195    	  342.68277    
  5.0000000    	  6.0000000    	  2764.3593    	  325.71999    
  6.0000000    	  7.0000000    	  2507.9910    	  306.80391    
  7.0000000    	  8.0000000    	  2870.1658    	  333.01886    
  8.0000000    	  9.0000000    	  2293.7879    	  295.74795    
  9.0000000    	  10.000000    	  2110.0286    	  285.14992    
  10.000000    	  11.000000    	  1623.6197    	  251.11785    
  11.000000    	  12.000000    	  1903.4172    	  268.48521    
  12.000000    	  13.000000    	  1638.3173    	  250.18294    
  13.000000    	  14.000000    	  1552.2444    	  244.88380    
  14.000000    	  15.000000    	  1355.3263    	  226.07576    
  15.000000    	  16.000000    	  1250.9822    	  219.97477    
  16.000000    	  17.000000    	  1096.5002    	  202.88390    
  17.000000    	  18.000000    	  1007.7801    	  193.54997    
  18.000000    	  19.000000    	  983.00505    	  191.10817    
  19.000000    	  20.000000    	  749.21567    	  164.64451    
  20.000000    	  21.000000    	  1045.1146    	  197.93006    
  21.000000    	  22.000000    	  697.98111    	  163.02379    
  22.000000    	  23.000000    	  730.89986    	  168.51473    
  23.000000    	  24.000000    	  670.17997    	  163.50765    
  24.000000    	  25.000000    	  782.24413    	  172.42180    
  25.000000    	  26.000000    	  698.25687    	  171.86376    
  26.000000    	  27.000000    	  649.33948    	  160.60509    
  27.000000    	  28.000000    	  509.97687    	  147.04495    
  28.000000    	  29.000000    	  658.43627    	  164.66098    
  29.000000    	  30.000000    	  794.01766    	  215.05252    
  30.000000    	  31.000000    	  601.19690    	  156.65033    
  31.000000    	  32.000000    	  436.67076    	  143.37898    
  32.000000    	  33.000000    	  564.33629    	  154.92566    
  33.000000    	  34.000000    	  503.10445    	  150.80834    
  34.000000    	  35.000000    	  533.52183    	  154.63881    
  35.000000    	  36.000000    	  525.04417    	  166.31887    
  36.000000    	  37.000000    	  439.93697    	  131.89437    
  37.000000    	  38.000000    	  431.58443    	  141.59942    
  38.000000    	  39.000000    	  452.19849    	  145.51691    
  39.000000    	  40.000000    	  448.19285    	  138.70591    
  40.000000    	  41.000000    	  555.07312    	  212.37389    
  41.000000    	  42.000000    	  423.32675    	  143.85773    
  42.000000    	  43.000000    	  426.48229    	  152.14329    
  43.000000    	  44.000000    	  467.87841    	  168.06549    
  44.000000    	  45.000000    	  563.40102    	  225.11239    
  45.000000    	  46.000000    	  436.20820    	  196.41794    
  46.000000    	  47.000000    	  399.16831    	  165.13418    
  47.000000    	  48.000000    	  306.19078    	  118.66157    
  48.000000    	  49.000000    	  437.45725    	  185.24118    
  49.000000    	  50.000000    	  399.23595    	  152.91010    
  50.000000    	  51.000000    	  606.53962    	  317.06757    
  51.000000    	  52.000000    	  399.01712    	  180.31648    
  52.000000    	  53.000000    	  351.62966    	  162.90509    
  53.000000    	  54.000000    	  491.05231    	  207.28157    
  54.000000    	  55.000000    	  397.45536    	  232.39763    
  55.000000    	  56.000000    	  426.25811    	  188.39626    
  56.000000    	  57.000000    	  416.29011    	  188.08355    
  57.000000    	  58.000000    	  478.16392    	  338.16185    
  58.000000    	  59.000000    	  352.12491    	  208.87251    
  59.000000    	  60.000000    	  461.71861    	  211.69814    
  60.000000    	  61.000000    	  418.89808    	  243.77844    
  61.000000    	  62.000000    	  398.64814    	  232.10347    
  62.000000    	  63.000000    	  345.17887    	  246.40543    
  63.000000    	  64.000000    	  433.04255    	  306.21107    
  64.000000    	  65.000000    	  394.91393    	  229.83534    
  65.000000    	  66.000000    	  560.15029    	  328.17485    
  66.000000    	  67.000000    	  425.03811    	  246.29934    
  67.000000    	  68.000000    	  0.0000000    	  0.0000000    
  68.000000    	  69.000000    	  339.92634    	  154.47790    
  69.000000    	  70.000000    	  0.0000000    	  0.0000000    
  70.000000    	  71.000000    	  510.34611    	  296.86723    
  71.000000    	  72.000000    	  450.21553    	  320.16263    
  72.000000    	  73.000000    	  433.05098    	  250.05701    
  73.000000    	  74.000000    	  467.03910    	  331.87428    
  74.000000    	  75.000000    	  399.11006    	  282.76859    
  75.000000    	  76.000000    	  325.48825    	  232.91986    
  76.000000    	  77.000000    	  385.47448    	  385.47448    
  77.000000    	  78.000000    	  288.28032    	  288.28032    
  78.000000    	  79.000000    	  235.33518    	  235.33518    
  79.000000    	  80.000000    	  268.15183    	  268.15183    
  80.000000    	  81.000000    	  0.0000000    	  0.0000000    
  81.000000    	  82.000000    	  0.0000000    	  0.0000000    
  82.000000    	  83.000000    	  0.0000000    	  0.0000000    
  83.000000    	  84.000000    	  0.0000000    	  0.0000000    
  84.000000    	  85.000000    	  0.0000000    	  0.0000000    
  85.000000    	  86.000000    	  0.0000000    	  0.0000000    
  86.000000    	  87.000000    	  0.0000000    	  0.0000000    
  87.000000    	  88.000000    	  0.0000000    	  0.0000000    
  88.000000    	  89.000000    	  0.0000000    	  0.0000000    
  89.000000    	  90.000000    	  0.0000000    	  0.0000000    
  90.000000    	  91.000000    	  0.0000000    	  0.0000000    
  91.000000    	  92.000000    	  0.0000000    	  0.0000000    
  92.000000    	  93.000000    	  0.0000000    	  0.0000000    
  93.000000    	  94.000000    	  0.0000000    	  0.0000000    
  94.000000    	  95.000000    	  0.0000000    	  0.0000000    
  95.000000    	  96.000000    	  0.0000000    	  0.0000000    
  96.000000    	  97.000000    	  0.0000000    	  0.0000000    
  97.000000    	  98.000000    	  0.0000000    	  0.0000000    
  98.000000    	  99.000000    	  0.0000000    	  0.0000000    
  99.000000    	  100.00000    	  0.0000000    	  0.0000000    
