# pt34_fine
# underflow	  0.0000000    	  0.0000000    
# overflow	  28984.887    	  119.70035    
# sum	  1937039.1    	  11688.445    
# xmin	xmax	cross	numerror
  0.0000000    	  1.0000000    	  23542.955    	  1125.0502    
  1.0000000    	  2.0000000    	  64969.783    	  4136.7198    
  2.0000000    	  3.0000000    	  84739.201    	  3210.1936    
  3.0000000    	  4.0000000    	  97052.296    	  2873.3551    
  4.0000000    	  5.0000000    	  97311.009    	  2677.7267    
  5.0000000    	  6.0000000    	  94146.780    	  2562.6846    
  6.0000000    	  7.0000000    	  89448.186    	  2429.8552    
  7.0000000    	  8.0000000    	  83824.887    	  2355.3905    
  8.0000000    	  9.0000000    	  76537.282    	  2223.9194    
  9.0000000    	  10.000000    	  70516.264    	  2121.5610    
  10.000000    	  11.000000    	  66596.032    	  2023.7646    
  11.000000    	  12.000000    	  61886.805    	  1946.5355    
  12.000000    	  13.000000    	  56286.335    	  1865.1618    
  13.000000    	  14.000000    	  52696.472    	  1795.8459    
  14.000000    	  15.000000    	  49960.094    	  1729.5857    
  15.000000    	  16.000000    	  45783.809    	  1680.0448    
  16.000000    	  17.000000    	  42299.651    	  1616.8254    
  17.000000    	  18.000000    	  39576.686    	  1559.4632    
  18.000000    	  19.000000    	  37882.483    	  1500.2152    
  19.000000    	  20.000000    	  35030.985    	  1454.8927    
  20.000000    	  21.000000    	  32149.268    	  1392.8542    
  21.000000    	  22.000000    	  30971.571    	  1357.6340    
  22.000000    	  23.000000    	  28837.202    	  1322.3498    
  23.000000    	  24.000000    	  27331.795    	  1279.9137    
  24.000000    	  25.000000    	  25214.008    	  1231.7199    
  25.000000    	  26.000000    	  23791.271    	  1206.1094    
  26.000000    	  27.000000    	  23064.516    	  1168.0598    
  27.000000    	  28.000000    	  21082.385    	  1127.1947    
  28.000000    	  29.000000    	  20463.089    	  1103.9929    
  29.000000    	  30.000000    	  19323.311    	  1070.4215    
  30.000000    	  31.000000    	  18060.362    	  1052.1654    
  31.000000    	  32.000000    	  17446.902    	  1014.3831    
  32.000000    	  33.000000    	  16576.586    	  988.01152    
  33.000000    	  34.000000    	  15479.557    	  954.13776    
  34.000000    	  35.000000    	  14239.596    	  923.95864    
  35.000000    	  36.000000    	  14603.956    	  914.07417    
  36.000000    	  37.000000    	  13025.570    	  876.84787    
  37.000000    	  38.000000    	  12659.997    	  845.35839    
  38.000000    	  39.000000    	  12179.971    	  846.27632    
  39.000000    	  40.000000    	  11548.209    	  821.15697    
  40.000000    	  41.000000    	  10930.795    	  800.83936    
  41.000000    	  42.000000    	  10828.869    	  789.66053    
  42.000000    	  43.000000    	  9901.8259    	  747.66780    
  43.000000    	  44.000000    	  9697.9579    	  743.78731    
  44.000000    	  45.000000    	  9174.6141    	  715.74590    
  45.000000    	  46.000000    	  8947.7811    	  713.31252    
  46.000000    	  47.000000    	  8282.5087    	  680.52785    
  47.000000    	  48.000000    	  8260.5410    	  677.18983    
  48.000000    	  49.000000    	  7381.4438    	  645.99505    
  49.000000    	  50.000000    	  7422.5372    	  629.08870    
  50.000000    	  51.000000    	  7184.2243    	  644.05314    
  51.000000    	  52.000000    	  6733.3297    	  608.44842    
  52.000000    	  53.000000    	  6259.4832    	  584.57156    
  53.000000    	  54.000000    	  6053.8530    	  589.08062    
  54.000000    	  55.000000    	  6013.5883    	  570.21532    
  55.000000    	  56.000000    	  5800.5085    	  544.24041    
  56.000000    	  57.000000    	  5630.5369    	  563.36656    
  57.000000    	  58.000000    	  5361.0847    	  535.26139    
  58.000000    	  59.000000    	  5106.8223    	  516.46551    
  59.000000    	  60.000000    	  4863.2264    	  503.22346    
  60.000000    	  61.000000    	  4599.3157    	  518.06165    
  61.000000    	  62.000000    	  4657.8669    	  502.50795    
  62.000000    	  63.000000    	  4071.2714    	  445.82395    
  63.000000    	  64.000000    	  4407.3155    	  450.87594    
  64.000000    	  65.000000    	  4107.9726    	  444.69216    
  65.000000    	  66.000000    	  3643.7566    	  443.72619    
  66.000000    	  67.000000    	  3945.5382    	  448.53396    
  67.000000    	  68.000000    	  3357.9102    	  412.36080    
  68.000000    	  69.000000    	  3377.7104    	  393.45017    
  69.000000    	  70.000000    	  3223.6939    	  367.59137    
  70.000000    	  71.000000    	  3371.5038    	  381.05637    
  71.000000    	  72.000000    	  2977.6581    	  395.85906    
  72.000000    	  73.000000    	  2974.6070    	  378.57713    
  73.000000    	  74.000000    	  2674.8608    	  348.71656    
  74.000000    	  75.000000    	  2901.4609    	  371.48154    
  75.000000    	  76.000000    	  2606.6728    	  322.13240    
  76.000000    	  77.000000    	  2573.3021    	  299.76738    
  77.000000    	  78.000000    	  2370.5301    	  297.87462    
  78.000000    	  79.000000    	  2267.8817    	  262.88638    
  79.000000    	  80.000000    	  2187.9214    	  255.10925    
  80.000000    	  81.000000    	  1584.0721    	  50.201692    
  81.000000    	  82.000000    	  1631.9266    	  49.930350    
  82.000000    	  83.000000    	  1481.1224    	  47.806031    
  83.000000    	  84.000000    	  1464.1124    	  46.958954    
  84.000000    	  85.000000    	  1450.1312    	  47.345407    
  85.000000    	  86.000000    	  1378.6781    	  45.986580    
  86.000000    	  87.000000    	  1311.7520    	  43.323993    
  87.000000    	  88.000000    	  1212.1426    	  42.856051    
  88.000000    	  89.000000    	  1201.8086    	  40.750602    
  89.000000    	  90.000000    	  1194.9747    	  41.772399    
  90.000000    	  91.000000    	  1189.5624    	  42.877180    
  91.000000    	  92.000000    	  1061.0323    	  38.491127    
  92.000000    	  93.000000    	  1066.9282    	  37.873917    
  93.000000    	  94.000000    	  1049.6040    	  37.326480    
  94.000000    	  95.000000    	  1011.7224    	  37.799880    
  95.000000    	  96.000000    	  956.57279    	  35.223278    
  96.000000    	  97.000000    	  896.95261    	  31.987161    
  97.000000    	  98.000000    	  904.17511    	  32.183368    
  98.000000    	  99.000000    	  905.66013    	  34.036751    
  99.000000    	  100.00000    	  829.89310    	  32.545586    
