# pt34_20   
# underflow	  94.239170    	  94.239170    
# overflow	  0.0000000    	  0.0000000    
# sum	  81765.995    	  2355.3870    
# xmin	xmax	cross	numerror
 0.10000000    	  1.0000000    	  643.29442    	  143.59219    
  1.0000000    	  2.0000000    	  2042.8930    	  261.81887    
  2.0000000    	  3.0000000    	  2979.4713    	  318.55920    
  3.0000000    	  4.0000000    	  3143.2476    	  330.57038    
  4.0000000    	  5.0000000    	  3507.6844    	  350.63659    
  5.0000000    	  6.0000000    	  3489.2970    	  351.88210    
  6.0000000    	  7.0000000    	  2974.2028    	  326.95320    
  7.0000000    	  8.0000000    	  2945.7874    	  327.80169    
  8.0000000    	  9.0000000    	  2744.6261    	  318.26231    
  9.0000000    	  10.000000    	  2706.6273    	  319.11293    
  10.000000    	  11.000000    	  2328.7646    	  294.84497    
  11.000000    	  12.000000    	  2197.7072    	  288.23078    
  12.000000    	  13.000000    	  2072.0634    	  280.65003    
  13.000000    	  14.000000    	  2022.4448    	  277.99555    
  14.000000    	  15.000000    	  1805.6069    	  262.60250    
  15.000000    	  16.000000    	  1515.3336    	  243.76329    
  16.000000    	  17.000000    	  1787.0557    	  262.71737    
  17.000000    	  18.000000    	  1169.7020    	  214.63076    
  18.000000    	  19.000000    	  1384.4545    	  231.70236    
  19.000000    	  20.000000    	  1170.8735    	  214.06448    
  20.000000    	  21.000000    	  1161.8364    	  212.64417    
  21.000000    	  22.000000    	  987.71336    	  195.59026    
  22.000000    	  23.000000    	  1071.1849    	  208.30434    
  23.000000    	  24.000000    	  897.43664    	  186.72134    
  24.000000    	  25.000000    	  795.55261    	  187.32158    
  25.000000    	  26.000000    	  942.34574    	  197.09526    
  26.000000    	  27.000000    	  714.78407    	  170.22185    
  27.000000    	  28.000000    	  730.90067    	  168.98258    
  28.000000    	  29.000000    	  846.68293    	  185.71677    
  29.000000    	  30.000000    	  648.50835    	  159.97824    
  30.000000    	  31.000000    	  672.94672    	  163.01381    
  31.000000    	  32.000000    	  668.88553    	  173.91288    
  32.000000    	  33.000000    	  574.88559    	  153.66221    
  33.000000    	  34.000000    	  631.30300    	  168.96042    
  34.000000    	  35.000000    	  650.08860    	  187.06652    
  35.000000    	  36.000000    	  689.28889    	  175.82931    
  36.000000    	  37.000000    	  491.22097    	  156.54002    
  37.000000    	  38.000000    	  581.25428    	  159.70349    
  38.000000    	  39.000000    	  619.08817    	  188.53089    
  39.000000    	  40.000000    	  728.10361    	  230.96365    
  40.000000    	  41.000000    	  702.16454    	  224.10417    
  41.000000    	  42.000000    	  542.61822    	  173.08313    
  42.000000    	  43.000000    	  503.22313    	  165.72077    
  43.000000    	  44.000000    	  634.48761    	  193.80968    
  44.000000    	  45.000000    	  472.70226    	  169.59993    
  45.000000    	  46.000000    	  581.09304    	  203.40497    
  46.000000    	  47.000000    	  634.45859    	  213.46234    
  47.000000    	  48.000000    	  537.78110    	  194.83045    
  48.000000    	  49.000000    	  561.51530    	  199.88861    
  49.000000    	  50.000000    	  590.19692    	  211.49816    
  50.000000    	  51.000000    	  510.47674    	  230.47943    
  51.000000    	  52.000000    	  480.81912    	  171.70432    
  52.000000    	  53.000000    	  670.45510    	  263.32600    
  53.000000    	  54.000000    	  505.04127    	  208.56960    
  54.000000    	  55.000000    	  492.50547    	  214.89980    
  55.000000    	  56.000000    	  567.11834    	  245.88017    
  56.000000    	  57.000000    	  534.95413    	  203.37916    
  57.000000    	  58.000000    	  513.17077    	  231.75113    
  58.000000    	  59.000000    	  478.19387    	  215.84728    
  59.000000    	  60.000000    	  613.19732    	  261.16743    
  60.000000    	  61.000000    	  608.18423    	  244.55396    
  61.000000    	  62.000000    	  547.71598    	  387.64807    
  62.000000    	  63.000000    	  454.73452    	  265.44062    
  63.000000    	  64.000000    	  421.74501    	  216.06611    
  64.000000    	  65.000000    	  362.89398    	  226.44267    
  65.000000    	  66.000000    	  625.64850    	  342.01361    
  66.000000    	  67.000000    	  594.00554    	  343.28714    
  67.000000    	  68.000000    	  717.80187    	  415.74660    
  68.000000    	  69.000000    	  514.01065    	  363.73407    
  69.000000    	  70.000000    	  414.30941    	  244.46827    
  70.000000    	  71.000000    	  744.71234    	  430.71505    
  71.000000    	  72.000000    	  668.33373    	  474.12204    
  72.000000    	  73.000000    	  806.40470    	  423.53617    
  73.000000    	  74.000000    	  630.76857    	  364.44381    
  74.000000    	  75.000000    	  524.84369    	  305.87562    
  75.000000    	  76.000000    	  335.20295    	  207.91875    
  76.000000    	  77.000000    	  455.34132    	  326.37902    
  77.000000    	  78.000000    	  587.24398    	  415.32017    
  78.000000    	  79.000000    	  363.00741    	  363.00741    
  79.000000    	  80.000000    	  433.52634    	  308.01488    
  80.000000    	  81.000000    	  0.0000000    	  0.0000000    
  81.000000    	  82.000000    	  0.0000000    	  0.0000000    
  82.000000    	  83.000000    	  0.0000000    	  0.0000000    
  83.000000    	  84.000000    	  0.0000000    	  0.0000000    
  84.000000    	  85.000000    	  0.0000000    	  0.0000000    
  85.000000    	  86.000000    	  0.0000000    	  0.0000000    
  86.000000    	  87.000000    	  0.0000000    	  0.0000000    
  87.000000    	  88.000000    	  0.0000000    	  0.0000000    
  88.000000    	  89.000000    	  0.0000000    	  0.0000000    
  89.000000    	  90.000000    	  0.0000000    	  0.0000000    
  90.000000    	  91.000000    	  0.0000000    	  0.0000000    
  91.000000    	  92.000000    	  0.0000000    	  0.0000000    
  92.000000    	  93.000000    	  0.0000000    	  0.0000000    
  93.000000    	  94.000000    	  0.0000000    	  0.0000000    
  94.000000    	  95.000000    	  0.0000000    	  0.0000000    
  95.000000    	  96.000000    	  0.0000000    	  0.0000000    
  96.000000    	  97.000000    	  0.0000000    	  0.0000000    
  97.000000    	  98.000000    	  0.0000000    	  0.0000000    
  98.000000    	  99.000000    	  0.0000000    	  0.0000000    
  99.000000    	  100.00000    	  0.0000000    	  0.0000000    
