# pt34_26   
# underflow	  12.366865    	  12.366865    
# overflow	  0.0000000    	  0.0000000    
# sum	  77303.944    	  2403.2868    
# xmin	xmax	cross	numerror
 0.10000000    	  1.0000000    	  626.75572    	  140.19872    
  1.0000000    	  2.0000000    	  1634.9695    	  234.03007    
  2.0000000    	  3.0000000    	  2946.2950    	  319.18691    
  3.0000000    	  4.0000000    	  3262.7512    	  338.62969    
  4.0000000    	  5.0000000    	  3484.0658    	  352.06623    
  5.0000000    	  6.0000000    	  3142.6187    	  333.83929    
  6.0000000    	  7.0000000    	  2793.4194    	  317.80415    
  7.0000000    	  8.0000000    	  3126.5759    	  338.64197    
  8.0000000    	  9.0000000    	  2644.2700    	  313.17781    
  9.0000000    	  10.000000    	  2396.6869    	  298.20625    
  10.000000    	  11.000000    	  1769.5016    	  260.11196    
  11.000000    	  12.000000    	  2171.5947    	  286.87078    
  12.000000    	  13.000000    	  1853.1038    	  265.05878    
  13.000000    	  14.000000    	  1594.3574    	  247.47926    
  14.000000    	  15.000000    	  1582.4911    	  244.14225    
  15.000000    	  16.000000    	  1548.7490    	  256.29849    
  16.000000    	  17.000000    	  1366.6703    	  229.58705    
  17.000000    	  18.000000    	  1303.7617    	  223.67446    
  18.000000    	  19.000000    	  1053.9334    	  203.19827    
  19.000000    	  20.000000    	  1161.5011    	  212.61690    
  20.000000    	  21.000000    	  913.04506    	  189.30147    
  21.000000    	  22.000000    	  987.30645    	  198.22557    
  22.000000    	  23.000000    	  732.37034    	  168.76815    
  23.000000    	  24.000000    	  970.04821    	  204.74227    
  24.000000    	  25.000000    	  979.48926    	  210.69836    
  25.000000    	  26.000000    	  692.01403    	  172.56724    
  26.000000    	  27.000000    	  747.02534    	  188.38058    
  27.000000    	  28.000000    	  773.40003    	  175.72441    
  28.000000    	  29.000000    	  817.33779    	  212.71434    
  29.000000    	  30.000000    	  663.07594    	  170.97476    
  30.000000    	  31.000000    	  704.08697    	  176.44904    
  31.000000    	  32.000000    	  1085.6770    	  255.89305    
  32.000000    	  33.000000    	  580.27449    	  153.14183    
  33.000000    	  34.000000    	  569.60190    	  172.41652    
  34.000000    	  35.000000    	  526.60359    	  143.74061    
  35.000000    	  36.000000    	  562.02214    	  160.78827    
  36.000000    	  37.000000    	  674.61433    	  228.04524    
  37.000000    	  38.000000    	  1193.0852    	  294.12913    
  38.000000    	  39.000000    	  577.76654    	  194.64241    
  39.000000    	  40.000000    	  529.25695    	  177.54631    
  40.000000    	  41.000000    	  554.08172    	  176.78254    
  41.000000    	  42.000000    	  557.28237    	  182.51637    
  42.000000    	  43.000000    	  635.60032    	  190.81283    
  43.000000    	  44.000000    	  496.24289    	  158.27125    
  44.000000    	  45.000000    	  571.68712    	  199.10723    
  45.000000    	  46.000000    	  497.78320    	  179.74292    
  46.000000    	  47.000000    	  598.66805    	  280.13506    
  47.000000    	  48.000000    	  532.27683    	  211.98771    
  48.000000    	  49.000000    	  608.81222    	  195.05764    
  49.000000    	  50.000000    	  421.96287    	  177.60718    
  50.000000    	  51.000000    	  594.37522    	  242.71241    
  51.000000    	  52.000000    	  511.34957    	  277.98129    
  52.000000    	  53.000000    	  524.14192    	  229.28516    
  53.000000    	  54.000000    	  500.36100    	  205.80857    
  54.000000    	  55.000000    	  456.50372    	  184.21764    
  55.000000    	  56.000000    	  657.57579    	  279.84661    
  56.000000    	  57.000000    	  636.30178    	  263.18109    
  57.000000    	  58.000000    	  481.32866    	  244.10780    
  58.000000    	  59.000000    	  567.79721    	  241.82786    
  59.000000    	  60.000000    	  539.83179    	  273.08675    
  60.000000    	  61.000000    	  538.13943    	  244.08491    
  61.000000    	  62.000000    	  457.80764    	  231.67341    
  62.000000    	  63.000000    	  399.97080    	  284.70271    
  63.000000    	  64.000000    	  459.61167    	  210.78296    
  64.000000    	  65.000000    	  493.48972    	  354.90402    
  65.000000    	  66.000000    	  609.83697    	  305.07258    
  66.000000    	  67.000000    	  719.80423    	  373.14737    
  67.000000    	  68.000000    	  509.25604    	  509.25604    
  68.000000    	  69.000000    	  528.93638    	  285.47287    
  69.000000    	  70.000000    	  433.65941    	  219.16332    
  70.000000    	  71.000000    	  0.0000000    	  0.0000000    
  71.000000    	  72.000000    	  592.94586    	  349.14121    
  72.000000    	  73.000000    	  646.38561    	  646.38561    
  73.000000    	  74.000000    	  535.16673    	  312.87964    
  74.000000    	  75.000000    	  373.25863    	  266.54998    
  75.000000    	  76.000000    	  543.19597    	  543.19597    
  76.000000    	  77.000000    	  499.63501    	  499.63501    
  77.000000    	  78.000000    	  432.51004    	  219.47854    
  78.000000    	  79.000000    	  476.04639    	  274.91018    
  79.000000    	  80.000000    	  355.78302    	  355.78302    
  80.000000    	  81.000000    	  0.0000000    	  0.0000000    
  81.000000    	  82.000000    	  0.0000000    	  0.0000000    
  82.000000    	  83.000000    	  0.0000000    	  0.0000000    
  83.000000    	  84.000000    	  0.0000000    	  0.0000000    
  84.000000    	  85.000000    	  0.0000000    	  0.0000000    
  85.000000    	  86.000000    	  0.0000000    	  0.0000000    
  86.000000    	  87.000000    	  0.0000000    	  0.0000000    
  87.000000    	  88.000000    	  0.0000000    	  0.0000000    
  88.000000    	  89.000000    	  0.0000000    	  0.0000000    
  89.000000    	  90.000000    	  0.0000000    	  0.0000000    
  90.000000    	  91.000000    	  0.0000000    	  0.0000000    
  91.000000    	  92.000000    	  0.0000000    	  0.0000000    
  92.000000    	  93.000000    	  0.0000000    	  0.0000000    
  93.000000    	  94.000000    	  0.0000000    	  0.0000000    
  94.000000    	  95.000000    	  0.0000000    	  0.0000000    
  95.000000    	  96.000000    	  0.0000000    	  0.0000000    
  96.000000    	  97.000000    	  0.0000000    	  0.0000000    
  97.000000    	  98.000000    	  0.0000000    	  0.0000000    
  98.000000    	  99.000000    	  0.0000000    	  0.0000000    
  99.000000    	  100.00000    	  0.0000000    	  0.0000000    
