# pt34_18   
# underflow	  0.0000000    	  0.0000000    
# overflow	  0.0000000    	  0.0000000    
# sum	  23709.912    	  1272.3501    
# xmin	xmax	cross	numerror
  0.0000000    	  1.0000000    	  26.260772    	  22.033057    
  1.0000000    	  2.0000000    	  1540.9619    	  344.49694    
  2.0000000    	  3.0000000    	  2847.5608    	  476.09401    
  3.0000000    	  4.0000000    	  3370.3124    	  499.68701    
  4.0000000    	  5.0000000    	  2579.2199    	  415.63404    
  5.0000000    	  6.0000000    	  2141.4308    	  361.17333    
  6.0000000    	  7.0000000    	  19.694073    	  15.853575    
  7.0000000    	  8.0000000    	  1926.5492    	  337.70753    
  8.0000000    	  9.0000000    	  1871.8612    	  307.75348    
  9.0000000    	  10.000000    	  15.026001    	  12.416797    
  10.000000    	  11.000000    	  1483.0722    	  278.52315    
  11.000000    	  12.000000    	  20.901503    	  15.945585    
  12.000000    	  13.000000    	  736.64305    	  191.56820    
  13.000000    	  14.000000    	-0.15412956E-03	 0.15413013E-03
  14.000000    	  15.000000    	  929.71575    	  213.45147    
  15.000000    	  16.000000    	  18.722524    	  14.652733    
  16.000000    	  17.000000    	  207.12324    	  79.279597    
  17.000000    	  18.000000    	  719.32762    	  179.34429    
  18.000000    	  19.000000    	  627.60857    	  191.19671    
  19.000000    	  20.000000    	  625.76343    	  173.57107    
  20.000000    	  21.000000    	  638.90485    	  175.10743    
  21.000000    	  22.000000    	  138.77047    	  55.051750    
  22.000000    	  23.000000    	  3.1967304    	  2.8242128    
  23.000000    	  24.000000    	-0.99696835E-02	 0.99809227E-02
  24.000000    	  25.000000    	  561.00111    	  179.35735    
  25.000000    	  26.000000    	  207.97606    	  83.379916    
  26.000000    	  27.000000    	  4.5610422    	  4.1035841    
  27.000000    	  28.000000    	  1.1894248    	  1.1938698    
  28.000000    	  29.000000    	  29.860645    	  18.356368    
  29.000000    	  30.000000    	-0.71856976E-02	 0.71873066E-02
  30.000000    	  31.000000    	  190.05732    	  81.644749    
  31.000000    	  32.000000    	  20.538852    	  14.504421    
  32.000000    	  33.000000    	  13.090809    	  8.2571970    
  33.000000    	  34.000000    	  4.7759815    	  3.8545509    
  34.000000    	  35.000000    	  3.7123277    	  3.5615135    
  35.000000    	  36.000000    	 0.54213743    	 0.47190412    
  36.000000    	  37.000000    	-0.34542682    	 0.33791273    
  37.000000    	  38.000000    	  252.27509    	  109.88574    
  38.000000    	  39.000000    	  15.359309    	  12.497443    
  39.000000    	  40.000000    	  235.71124    	  150.74361    
  40.000000    	  41.000000    	  179.01322    	  93.672768    
  41.000000    	  42.000000    	 -2.8395317    	  1.9103148    
  42.000000    	  43.000000    	 -2.5114720    	  2.4605694    
  43.000000    	  44.000000    	 -1.8139095    	  1.5583360    
  44.000000    	  45.000000    	 -1.8702799    	  1.9110629    
  45.000000    	  46.000000    	 -3.0441013    	  2.2408526    
  46.000000    	  47.000000    	 -4.7124498    	  4.9076556    
  47.000000    	  48.000000    	 -5.5607481    	  4.9415311    
  48.000000    	  49.000000    	 -7.8370733    	  7.2247088    
  49.000000    	  50.000000    	 -3.6694594    	  3.0469745    
  50.000000    	  51.000000    	  1.3244675    	  1.3136556    
  51.000000    	  52.000000    	  219.70099    	  135.17012    
  52.000000    	  53.000000    	  44.961253    	  40.642522    
  53.000000    	  54.000000    	  111.65041    	  111.65041    
  54.000000    	  55.000000    	 -13.269701    	  16.079024    
  55.000000    	  56.000000    	 -19.656890    	  22.578935    
  56.000000    	  57.000000    	 -5.7347732    	  4.0562529    
  57.000000    	  58.000000    	 -78.940813    	  56.081182    
  58.000000    	  59.000000    	  8.3220779    	  8.3220779    
  59.000000    	  60.000000    	 -37.947425    	  25.481252    
  60.000000    	  61.000000    	  0.0000000    	  0.0000000    
  61.000000    	  62.000000    	 -36.449213    	  33.571120    
  62.000000    	  63.000000    	  0.0000000    	  0.0000000    
  63.000000    	  64.000000    	 -134.93750    	  134.93750    
  64.000000    	  65.000000    	 -61.530027    	  61.530027    
  65.000000    	  66.000000    	 -28.208703    	  28.208703    
  66.000000    	  67.000000    	 -7.0739602    	  6.6708527    
  67.000000    	  68.000000    	  0.0000000    	  0.0000000    
  68.000000    	  69.000000    	 -38.520722    	  38.508096    
  69.000000    	  70.000000    	 -89.160112    	  89.160112    
  70.000000    	  71.000000    	 -17.602519    	  17.602519    
  71.000000    	  72.000000    	 -1.3552897    	  1.3552897    
  72.000000    	  73.000000    	  0.0000000    	  0.0000000    
  73.000000    	  74.000000    	  0.0000000    	  0.0000000    
  74.000000    	  75.000000    	 -223.12119    	  223.12119    
  75.000000    	  76.000000    	 -19.776225    	  17.286202    
  76.000000    	  77.000000    	  0.0000000    	  0.0000000    
  77.000000    	  78.000000    	  0.0000000    	  0.0000000    
  78.000000    	  79.000000    	 -36.794039    	  26.902870    
  79.000000    	  80.000000    	-0.37473959E-01	 0.37469425E-01
  80.000000    	  81.000000    	  0.0000000    	  0.0000000    
  81.000000    	  82.000000    	  0.0000000    	  0.0000000    
  82.000000    	  83.000000    	  0.0000000    	  0.0000000    
  83.000000    	  84.000000    	  0.0000000    	  0.0000000    
  84.000000    	  85.000000    	  0.0000000    	  0.0000000    
  85.000000    	  86.000000    	  0.0000000    	  0.0000000    
  86.000000    	  87.000000    	  0.0000000    	  0.0000000    
  87.000000    	  88.000000    	  0.0000000    	  0.0000000    
  88.000000    	  89.000000    	  0.0000000    	  0.0000000    
  89.000000    	  90.000000    	  0.0000000    	  0.0000000    
  90.000000    	  91.000000    	  0.0000000    	  0.0000000    
  91.000000    	  92.000000    	  0.0000000    	  0.0000000    
  92.000000    	  93.000000    	  0.0000000    	  0.0000000    
  93.000000    	  94.000000    	  0.0000000    	  0.0000000    
  94.000000    	  95.000000    	  0.0000000    	  0.0000000    
  95.000000    	  96.000000    	  0.0000000    	  0.0000000    
  96.000000    	  97.000000    	  0.0000000    	  0.0000000    
  97.000000    	  98.000000    	  0.0000000    	  0.0000000    
  98.000000    	  99.000000    	  0.0000000    	  0.0000000    
  99.000000    	  100.00000    	  0.0000000    	  0.0000000    
