# pt34_7    
# underflow	  0.0000000    	  0.0000000    
# overflow	  2711.6950    	  37.752675    
# sum	  179002.49    	  1130.5937    
# xmin	xmax	cross	numerror
  0.0000000    	  1.0000000    	  0.0000000    	  0.0000000    
  1.0000000    	  2.0000000    	  8919.2922    	  742.29076    
  2.0000000    	  3.0000000    	  16371.109    	  441.13170    
  3.0000000    	  4.0000000    	  15819.726    	  310.18928    
  4.0000000    	  5.0000000    	  12815.736    	  249.46664    
  5.0000000    	  6.0000000    	  11441.967    	  227.98075    
  6.0000000    	  7.0000000    	  9296.0695    	  191.25597    
  7.0000000    	  8.0000000    	  8172.2832    	  165.25954    
  8.0000000    	  9.0000000    	  7504.8304    	  163.43563    
  9.0000000    	  10.000000    	  6406.6074    	  147.68313    
  10.000000    	  11.000000    	  5564.6249    	  127.53865    
  11.000000    	  12.000000    	  5349.0361    	  127.91245    
  12.000000    	  13.000000    	  4273.7475    	  124.87786    
  13.000000    	  14.000000    	  4084.5712    	  116.32785    
  14.000000    	  15.000000    	  3746.2186    	  99.066847    
  15.000000    	  16.000000    	  3373.3651    	  93.741483    
  16.000000    	  17.000000    	  3311.3863    	  93.571609    
  17.000000    	  18.000000    	  2748.8540    	  91.225059    
  18.000000    	  19.000000    	  2640.3981    	  85.164443    
  19.000000    	  20.000000    	  2517.0463    	  85.855515    
  20.000000    	  21.000000    	  2201.8794    	  77.472926    
  21.000000    	  22.000000    	  2055.4882    	  85.227437    
  22.000000    	  23.000000    	  2057.8447    	  77.759492    
  23.000000    	  24.000000    	  1833.7515    	  65.413494    
  24.000000    	  25.000000    	  1744.0406    	  67.823726    
  25.000000    	  26.000000    	  1583.6317    	  63.432578    
  26.000000    	  27.000000    	  1527.8391    	  61.005236    
  27.000000    	  28.000000    	  1380.9975    	  65.478638    
  28.000000    	  29.000000    	  1353.6864    	  59.281704    
  29.000000    	  30.000000    	  1224.8803    	  57.129703    
  30.000000    	  31.000000    	  1197.3104    	  51.126815    
  31.000000    	  32.000000    	  1037.1463    	  49.838451    
  32.000000    	  33.000000    	  1202.6355    	  51.556998    
  33.000000    	  34.000000    	  917.58834    	  47.460833    
  34.000000    	  35.000000    	  920.28165    	  45.368782    
  35.000000    	  36.000000    	  879.45475    	  45.531023    
  36.000000    	  37.000000    	  894.38686    	  41.966702    
  37.000000    	  38.000000    	  874.58612    	  46.471023    
  38.000000    	  39.000000    	  819.25659    	  47.546035    
  39.000000    	  40.000000    	  714.25004    	  38.205557    
  40.000000    	  41.000000    	  708.85702    	  38.614087    
  41.000000    	  42.000000    	  683.04244    	  40.347676    
  42.000000    	  43.000000    	  645.60685    	  37.351791    
  43.000000    	  44.000000    	  602.45868    	  35.831217    
  44.000000    	  45.000000    	  568.59235    	  35.014207    
  45.000000    	  46.000000    	  606.06179    	  41.357834    
  46.000000    	  47.000000    	  467.01987    	  34.335120    
  47.000000    	  48.000000    	  482.42637    	  32.570621    
  48.000000    	  49.000000    	  473.53734    	  32.486559    
  49.000000    	  50.000000    	  488.02617    	  29.245577    
  50.000000    	  51.000000    	  459.90028    	  28.049684    
  51.000000    	  52.000000    	  463.99385    	  27.406731    
  52.000000    	  53.000000    	  381.33299    	  25.915778    
  53.000000    	  54.000000    	  389.29701    	  27.601458    
  54.000000    	  55.000000    	  318.80556    	  25.585022    
  55.000000    	  56.000000    	  378.75738    	  25.036174    
  56.000000    	  57.000000    	  360.80526    	  22.477474    
  57.000000    	  58.000000    	  312.27361    	  22.123890    
  58.000000    	  59.000000    	  294.69097    	  23.367798    
  59.000000    	  60.000000    	  306.52919    	  22.542241    
  60.000000    	  61.000000    	  300.24069    	  21.103293    
  61.000000    	  62.000000    	  294.23307    	  19.659481    
  62.000000    	  63.000000    	  253.57161    	  20.181503    
  63.000000    	  64.000000    	  265.39929    	  19.489369    
  64.000000    	  65.000000    	  268.02215    	  19.084123    
  65.000000    	  66.000000    	  245.91810    	  20.126754    
  66.000000    	  67.000000    	  221.53193    	  18.510102    
  67.000000    	  68.000000    	  252.79623    	  19.449652    
  68.000000    	  69.000000    	  189.70118    	  18.877104    
  69.000000    	  70.000000    	  203.28728    	  16.412051    
  70.000000    	  71.000000    	  194.08600    	  15.540954    
  71.000000    	  72.000000    	  173.94310    	  14.634519    
  72.000000    	  73.000000    	  212.12303    	  15.725255    
  73.000000    	  74.000000    	  163.39316    	  15.313783    
  74.000000    	  75.000000    	  190.97559    	  14.377170    
  75.000000    	  76.000000    	  159.34876    	  14.855139    
  76.000000    	  77.000000    	  160.44644    	  15.173614    
  77.000000    	  78.000000    	  159.23597    	  15.265986    
  78.000000    	  79.000000    	  136.35834    	  14.909919    
  79.000000    	  80.000000    	  140.97385    	  14.377865    
  80.000000    	  81.000000    	  130.68260    	  13.650984    
  81.000000    	  82.000000    	  114.74264    	  14.060480    
  82.000000    	  83.000000    	  103.93941    	  13.677092    
  83.000000    	  84.000000    	  127.34386    	  13.129479    
  84.000000    	  85.000000    	  125.87345    	  12.756546    
  85.000000    	  86.000000    	  124.18941    	  12.468735    
  86.000000    	  87.000000    	  106.42279    	  11.909795    
  87.000000    	  88.000000    	  92.329260    	  11.073047    
  88.000000    	  89.000000    	  91.383016    	  11.041803    
  89.000000    	  90.000000    	  100.96055    	  11.104090    
  90.000000    	  91.000000    	  113.30879    	  10.578200    
  91.000000    	  92.000000    	  67.769309    	  9.5117130    
  92.000000    	  93.000000    	  107.62393    	  9.7378767    
  93.000000    	  94.000000    	  73.500198    	  9.2952622    
  94.000000    	  95.000000    	  86.753320    	  8.7640507    
  95.000000    	  96.000000    	  75.851169    	  8.2946626    
  96.000000    	  97.000000    	  86.648768    	  8.3520135    
  97.000000    	  98.000000    	  65.870280    	  8.6678865    
  98.000000    	  99.000000    	  79.266537    	  7.8889239    
  99.000000    	  100.00000    	  60.933258    	  7.7113544    
