# pt34_13   
# underflow	  0.0000000    	  0.0000000    
# overflow	  0.0000000    	  0.0000000    
# sum	 -142381.69    	  958.40200    
# xmin	xmax	cross	numerror
  0.0000000    	  1.0000000    	  0.0000000    	  0.0000000    
  1.0000000    	  2.0000000    	 -12183.336    	  285.37775    
  2.0000000    	  3.0000000    	 -15910.874    	  327.33624    
  3.0000000    	  4.0000000    	 -13639.650    	  300.78418    
  4.0000000    	  5.0000000    	 -10918.557    	  267.50139    
  5.0000000    	  6.0000000    	 -9458.6220    	  248.32874    
  6.0000000    	  7.0000000    	 -7748.2697    	  224.20450    
  7.0000000    	  8.0000000    	 -6755.3989    	  209.13584    
  8.0000000    	  9.0000000    	 -5909.1594    	  195.42536    
  9.0000000    	  10.000000    	 -5243.5305    	  184.01345    
  10.000000    	  11.000000    	 -4468.7176    	  169.49857    
  11.000000    	  12.000000    	 -4065.1406    	  161.26841    
  12.000000    	  13.000000    	 -3640.7796    	  152.61490    
  13.000000    	  14.000000    	 -3275.0614    	  144.48821    
  14.000000    	  15.000000    	 -2989.3725    	  138.20341    
  15.000000    	  16.000000    	 -2696.8329    	  130.47932    
  16.000000    	  17.000000    	 -2445.9621    	  124.58837    
  17.000000    	  18.000000    	 -2225.8614    	  118.87141    
  18.000000    	  19.000000    	 -2119.0201    	  115.47920    
  19.000000    	  20.000000    	 -1907.8613    	  109.84274    
  20.000000    	  21.000000    	 -1616.0807    	  100.07005    
  21.000000    	  22.000000    	 -1574.1859    	  99.253663    
  22.000000    	  23.000000    	 -1384.2258    	  92.818856    
  23.000000    	  24.000000    	 -1346.5727    	  91.660934    
  24.000000    	  25.000000    	 -1267.9277    	  88.209728    
  25.000000    	  26.000000    	 -1103.7678    	  83.260893    
  26.000000    	  27.000000    	 -1169.1234    	  84.972907    
  27.000000    	  28.000000    	 -1023.8166    	  79.628479    
  28.000000    	  29.000000    	 -829.03809    	  70.168149    
  29.000000    	  30.000000    	 -907.74912    	  75.300746    
  30.000000    	  31.000000    	 -913.73044    	  74.885991    
  31.000000    	  32.000000    	 -775.39089    	  68.295531    
  32.000000    	  33.000000    	 -754.89780    	  68.794685    
  33.000000    	  34.000000    	 -736.04355    	  66.027060    
  34.000000    	  35.000000    	 -578.24812    	  59.422824    
  35.000000    	  36.000000    	 -557.67031    	  56.618495    
  36.000000    	  37.000000    	 -581.61279    	  60.217404    
  37.000000    	  38.000000    	 -525.55864    	  55.172984    
  38.000000    	  39.000000    	 -419.17023    	  50.680120    
  39.000000    	  40.000000    	 -478.52399    	  52.559155    
  40.000000    	  41.000000    	 -435.78031    	  49.892628    
  41.000000    	  42.000000    	 -433.41623    	  50.843878    
  42.000000    	  43.000000    	 -439.18220    	  53.355629    
  43.000000    	  44.000000    	 -386.11735    	  46.765868    
  44.000000    	  45.000000    	 -305.98817    	  43.072091    
  45.000000    	  46.000000    	 -331.52612    	  43.794115    
  46.000000    	  47.000000    	 -346.93845    	  43.611267    
  47.000000    	  48.000000    	 -183.06559    	  34.151003    
  48.000000    	  49.000000    	 -187.37149    	  33.007497    
  49.000000    	  50.000000    	 -274.14874    	  38.932224    
  50.000000    	  51.000000    	 -237.39881    	  35.278167    
  51.000000    	  52.000000    	 -187.79346    	  31.551898    
  52.000000    	  53.000000    	 -165.00354    	  32.884371    
  53.000000    	  54.000000    	 -174.21535    	  31.923243    
  54.000000    	  55.000000    	 -196.89384    	  32.238034    
  55.000000    	  56.000000    	 -143.36734    	  28.304258    
  56.000000    	  57.000000    	 -165.88757    	  27.963938    
  57.000000    	  58.000000    	 -82.280450    	  20.230673    
  58.000000    	  59.000000    	 -141.58137    	  31.859998    
  59.000000    	  60.000000    	 -119.96309    	  25.393068    
  60.000000    	  61.000000    	 -96.891075    	  24.557167    
  61.000000    	  62.000000    	 -104.19537    	  22.750869    
  62.000000    	  63.000000    	 -104.59583    	  21.891287    
  63.000000    	  64.000000    	 -112.79364    	  26.838558    
  64.000000    	  65.000000    	 -116.64554    	  21.672343    
  65.000000    	  66.000000    	 -133.65357    	  29.879358    
  66.000000    	  67.000000    	 -51.235504    	  18.251381    
  67.000000    	  68.000000    	 -95.080998    	  30.337072    
  68.000000    	  69.000000    	 -68.691318    	  20.776917    
  69.000000    	  70.000000    	 -110.96240    	  32.095206    
  70.000000    	  71.000000    	 -76.854088    	  21.940849    
  71.000000    	  72.000000    	 -33.909781    	  11.467828    
  72.000000    	  73.000000    	 -16.170733    	  7.0485813    
  73.000000    	  74.000000    	 -32.718245    	  11.460236    
  74.000000    	  75.000000    	 -42.808341    	  14.428130    
  75.000000    	  76.000000    	 -35.334246    	  11.391309    
  76.000000    	  77.000000    	 0.37016924    	 0.42057987    
  77.000000    	  78.000000    	 -21.915176    	  6.8593332    
  78.000000    	  79.000000    	 -29.299310    	  7.8658428    
  79.000000    	  80.000000    	 -15.046771    	  5.4314555    
  80.000000    	  81.000000    	  0.0000000    	  0.0000000    
  81.000000    	  82.000000    	  0.0000000    	  0.0000000    
  82.000000    	  83.000000    	  0.0000000    	  0.0000000    
  83.000000    	  84.000000    	  0.0000000    	  0.0000000    
  84.000000    	  85.000000    	  0.0000000    	  0.0000000    
  85.000000    	  86.000000    	  0.0000000    	  0.0000000    
  86.000000    	  87.000000    	  0.0000000    	  0.0000000    
  87.000000    	  88.000000    	  0.0000000    	  0.0000000    
  88.000000    	  89.000000    	  0.0000000    	  0.0000000    
  89.000000    	  90.000000    	  0.0000000    	  0.0000000    
  90.000000    	  91.000000    	  0.0000000    	  0.0000000    
  91.000000    	  92.000000    	  0.0000000    	  0.0000000    
  92.000000    	  93.000000    	  0.0000000    	  0.0000000    
  93.000000    	  94.000000    	  0.0000000    	  0.0000000    
  94.000000    	  95.000000    	  0.0000000    	  0.0000000    
  95.000000    	  96.000000    	  0.0000000    	  0.0000000    
  96.000000    	  97.000000    	  0.0000000    	  0.0000000    
  97.000000    	  98.000000    	  0.0000000    	  0.0000000    
  98.000000    	  99.000000    	  0.0000000    	  0.0000000    
  99.000000    	  100.00000    	  0.0000000    	  0.0000000    
