# pt34_18   
# underflow	  28.413298    	  21.251016    
# overflow	  0.0000000    	  0.0000000    
# sum	  80239.590    	  2463.0150    
# xmin	xmax	cross	numerror
 0.10000000    	  1.0000000    	  786.79310    	  175.03507    
  1.0000000    	  2.0000000    	  2034.1657    	  266.83441    
  2.0000000    	  3.0000000    	  2826.6671    	  316.14242    
  3.0000000    	  4.0000000    	  3239.2170    	  339.37664    
  4.0000000    	  5.0000000    	  3279.0546    	  344.39613    
  5.0000000    	  6.0000000    	  3130.7311    	  335.17300    
  6.0000000    	  7.0000000    	  3147.3316    	  339.15949    
  7.0000000    	  8.0000000    	  3030.6667    	  336.95257    
  8.0000000    	  9.0000000    	  2741.2228    	  321.06802    
  9.0000000    	  10.000000    	  2550.5125    	  309.56359    
  10.000000    	  11.000000    	  2578.8337    	  313.60188    
  11.000000    	  12.000000    	  2139.4046    	  286.62958    
  12.000000    	  13.000000    	  1968.1013    	  273.99899    
  13.000000    	  14.000000    	  1965.6185    	  277.46879    
  14.000000    	  15.000000    	  1712.8230    	  257.15820    
  15.000000    	  16.000000    	  1673.7747    	  255.16576    
  16.000000    	  17.000000    	  1427.1769    	  238.89595    
  17.000000    	  18.000000    	  1373.0243    	  231.10559    
  18.000000    	  19.000000    	  1158.4490    	  210.97043    
  19.000000    	  20.000000    	  1264.0266    	  225.22018    
  20.000000    	  21.000000    	  1269.3462    	  221.33230    
  21.000000    	  22.000000    	  986.01489    	  195.67856    
  22.000000    	  23.000000    	  956.98152    	  195.74880    
  23.000000    	  24.000000    	  795.77134    	  179.43006    
  24.000000    	  25.000000    	  999.25642    	  212.50003    
  25.000000    	  26.000000    	  809.22001    	  181.85618    
  26.000000    	  27.000000    	  877.43229    	  189.99720    
  27.000000    	  28.000000    	  770.00618    	  192.80115    
  28.000000    	  29.000000    	  672.91446    	  164.31036    
  29.000000    	  30.000000    	  704.81620    	  174.93816    
  30.000000    	  31.000000    	  728.04634    	  190.21598    
  31.000000    	  32.000000    	  564.55569    	  151.50847    
  32.000000    	  33.000000    	  581.58203    	  159.86549    
  33.000000    	  34.000000    	  652.57817    	  170.63617    
  34.000000    	  35.000000    	  592.88113    	  152.96037    
  35.000000    	  36.000000    	  519.03657    	  161.18451    
  36.000000    	  37.000000    	  535.01518    	  145.21570    
  37.000000    	  38.000000    	  499.83783    	  147.09190    
  38.000000    	  39.000000    	  559.41750    	  200.00285    
  39.000000    	  40.000000    	  515.43611    	  166.44703    
  40.000000    	  41.000000    	  754.80378    	  255.35288    
  41.000000    	  42.000000    	  591.05723    	  181.77725    
  42.000000    	  43.000000    	  447.88311    	  152.21072    
  43.000000    	  44.000000    	  624.53022    	  252.48218    
  44.000000    	  45.000000    	  491.75422    	  196.25521    
  45.000000    	  46.000000    	  488.57756    	  201.80141    
  46.000000    	  47.000000    	  810.41815    	  280.36150    
  47.000000    	  48.000000    	  571.47752    	  200.32966    
  48.000000    	  49.000000    	  551.53032    	  238.11786    
  49.000000    	  50.000000    	  583.20578    	  237.80727    
  50.000000    	  51.000000    	  501.06896    	  191.26763    
  51.000000    	  52.000000    	  438.93514    	  157.94942    
  52.000000    	  53.000000    	  493.79879    	  273.52983    
  53.000000    	  54.000000    	  599.10501    	  248.30335    
  54.000000    	  55.000000    	  491.60469    	  191.78938    
  55.000000    	  56.000000    	  543.28315    	  261.28417    
  56.000000    	  57.000000    	  474.63883    	  277.22273    
  57.000000    	  58.000000    	  549.35430    	  274.86651    
  58.000000    	  59.000000    	  484.10209    	  219.69109    
  59.000000    	  60.000000    	  430.49219    	  223.30052    
  60.000000    	  61.000000    	  471.77260    	  277.62812    
  61.000000    	  62.000000    	  571.48858    	  264.63594    
  62.000000    	  63.000000    	  603.48559    	  305.72013    
  63.000000    	  64.000000    	  582.18551    	  247.15467    
  64.000000    	  65.000000    	  581.13828    	  413.35632    
  65.000000    	  66.000000    	  859.48970    	  516.62229    
  66.000000    	  67.000000    	  383.41227    	  271.77982    
  67.000000    	  68.000000    	  558.36053    	  279.70547    
  68.000000    	  69.000000    	  505.19174    	  292.57413    
  69.000000    	  70.000000    	  368.29926    	  172.28407    
  70.000000    	  71.000000    	  339.54046    	  339.54046    
  71.000000    	  72.000000    	  639.76258    	  452.41104    
  72.000000    	  73.000000    	  618.24615    	  437.34258    
  73.000000    	  74.000000    	  520.56624    	  371.55557    
  74.000000    	  75.000000    	  594.44953    	  422.40731    
  75.000000    	  76.000000    	  421.10508    	  304.39584    
  76.000000    	  77.000000    	  425.39260    	  425.39260    
  77.000000    	  78.000000    	  1033.2169    	  731.41534    
  78.000000    	  79.000000    	  222.39285    	  126.26272    
  79.000000    	  80.000000    	  372.31873    	  267.48884    
  80.000000    	  81.000000    	  0.0000000    	  0.0000000    
  81.000000    	  82.000000    	  0.0000000    	  0.0000000    
  82.000000    	  83.000000    	  0.0000000    	  0.0000000    
  83.000000    	  84.000000    	  0.0000000    	  0.0000000    
  84.000000    	  85.000000    	  0.0000000    	  0.0000000    
  85.000000    	  86.000000    	  0.0000000    	  0.0000000    
  86.000000    	  87.000000    	  0.0000000    	  0.0000000    
  87.000000    	  88.000000    	  0.0000000    	  0.0000000    
  88.000000    	  89.000000    	  0.0000000    	  0.0000000    
  89.000000    	  90.000000    	  0.0000000    	  0.0000000    
  90.000000    	  91.000000    	  0.0000000    	  0.0000000    
  91.000000    	  92.000000    	  0.0000000    	  0.0000000    
  92.000000    	  93.000000    	  0.0000000    	  0.0000000    
  93.000000    	  94.000000    	  0.0000000    	  0.0000000    
  94.000000    	  95.000000    	  0.0000000    	  0.0000000    
  95.000000    	  96.000000    	  0.0000000    	  0.0000000    
  96.000000    	  97.000000    	  0.0000000    	  0.0000000    
  97.000000    	  98.000000    	  0.0000000    	  0.0000000    
  98.000000    	  99.000000    	  0.0000000    	  0.0000000    
  99.000000    	  100.00000    	  0.0000000    	  0.0000000    
