# pt34_19   
# underflow	  53.198303    	  36.281084    
# overflow	  0.0000000    	  0.0000000    
# sum	  78771.001    	  2397.1675    
# xmin	xmax	cross	numerror
 0.10000000    	  1.0000000    	  464.29148    	  121.48204    
  1.0000000    	  2.0000000    	  1649.3878    	  247.06035    
  2.0000000    	  3.0000000    	  3057.7721    	  323.75790    
  3.0000000    	  4.0000000    	  3149.3928    	  331.43400    
  4.0000000    	  5.0000000    	  3430.9412    	  347.82422    
  5.0000000    	  6.0000000    	  3233.5437    	  338.48730    
  6.0000000    	  7.0000000    	  3132.9339    	  333.03777    
  7.0000000    	  8.0000000    	  2916.7561    	  328.00610    
  8.0000000    	  9.0000000    	  2724.5960    	  319.42374    
  9.0000000    	  10.000000    	  2579.4338    	  309.80594    
  10.000000    	  11.000000    	  2192.6135    	  285.61874    
  11.000000    	  12.000000    	  2005.4751    	  275.49686    
  12.000000    	  13.000000    	  1998.1753    	  276.03019    
  13.000000    	  14.000000    	  1313.7877    	  223.71426    
  14.000000    	  15.000000    	  1267.3577    	  228.76248    
  15.000000    	  16.000000    	  1457.2635    	  258.68528    
  16.000000    	  17.000000    	  1385.6836    	  230.18501    
  17.000000    	  18.000000    	  1424.2978    	  233.20369    
  18.000000    	  19.000000    	  1472.8809    	  258.75525    
  19.000000    	  20.000000    	  1267.8983    	  223.28738    
  20.000000    	  21.000000    	  878.05147    	  189.04124    
  21.000000    	  22.000000    	  1202.2516    	  228.37009    
  22.000000    	  23.000000    	  913.77311    	  189.86686    
  23.000000    	  24.000000    	  865.51252    	  186.65865    
  24.000000    	  25.000000    	  971.99267    	  206.54071    
  25.000000    	  26.000000    	  802.00899    	  186.55486    
  26.000000    	  27.000000    	  676.47272    	  171.61062    
  27.000000    	  28.000000    	  786.82118    	  177.91461    
  28.000000    	  29.000000    	  760.37203    	  189.27559    
  29.000000    	  30.000000    	  877.42181    	  203.46312    
  30.000000    	  31.000000    	  673.48232    	  181.23003    
  31.000000    	  32.000000    	  677.74305    	  165.41287    
  32.000000    	  33.000000    	  626.46809    	  167.31596    
  33.000000    	  34.000000    	  654.02507    	  197.83202    
  34.000000    	  35.000000    	  572.96275    	  149.65057    
  35.000000    	  36.000000    	  597.06222    	  168.75960    
  36.000000    	  37.000000    	  720.65062    	  211.49920    
  37.000000    	  38.000000    	  493.64114    	  155.72522    
  38.000000    	  39.000000    	  478.05184    	  152.82060    
  39.000000    	  40.000000    	  649.16653    	  187.79493    
  40.000000    	  41.000000    	  655.16932    	  253.20666    
  41.000000    	  42.000000    	  561.90737    	  172.34215    
  42.000000    	  43.000000    	  588.91226    	  191.78109    
  43.000000    	  44.000000    	  825.09289    	  282.69013    
  44.000000    	  45.000000    	  566.93999    	  196.64286    
  45.000000    	  46.000000    	  639.62387    	  203.77431    
  46.000000    	  47.000000    	  475.80035    	  206.73565    
  47.000000    	  48.000000    	  524.21147    	  227.83766    
  48.000000    	  49.000000    	  530.96912    	  179.52356    
  49.000000    	  50.000000    	  622.11925    	  214.00085    
  50.000000    	  51.000000    	  559.98123    	  241.39553    
  51.000000    	  52.000000    	  464.83804    	  209.36614    
  52.000000    	  53.000000    	  610.49669    	  233.55871    
  53.000000    	  54.000000    	  614.88150    	  279.05222    
  54.000000    	  55.000000    	  524.18679    	  250.54472    
  55.000000    	  56.000000    	  623.60923    	  244.18916    
  56.000000    	  57.000000    	  524.90348    	  216.48529    
  57.000000    	  58.000000    	  628.66089    	  271.71112    
  58.000000    	  59.000000    	  503.07283    	  240.01725    
  59.000000    	  60.000000    	  597.59958    	  299.88345    
  60.000000    	  61.000000    	  682.99348    	  310.96200    
  61.000000    	  62.000000    	  496.07917    	  224.31128    
  62.000000    	  63.000000    	  452.35355    	  264.90569    
  63.000000    	  64.000000    	  446.91228    	  319.46410    
  64.000000    	  65.000000    	  452.50455    	  188.26134    
  65.000000    	  66.000000    	  672.39693    	  672.39693    
  66.000000    	  67.000000    	  727.26768    	  382.21492    
  67.000000    	  68.000000    	  587.68980    	  415.73212    
  68.000000    	  69.000000    	  488.37361    	  220.85513    
  69.000000    	  70.000000    	  492.62567    	  349.04221    
  70.000000    	  71.000000    	  435.91753    	  234.24288    
  71.000000    	  72.000000    	  621.23937    	  364.52945    
  72.000000    	  73.000000    	  469.82443    	  469.82443    
  73.000000    	  74.000000    	  655.30887    	  465.60659    
  74.000000    	  75.000000    	  641.92411    	  454.02569    
  75.000000    	  76.000000    	  444.03567    	  319.21330    
  76.000000    	  77.000000    	  456.54044    	  231.84778    
  77.000000    	  78.000000    	  417.61812    	  247.41835    
  78.000000    	  79.000000    	  0.0000000    	  0.0000000    
  79.000000    	  80.000000    	  430.80759    	  248.75654    
  80.000000    	  81.000000    	  0.0000000    	  0.0000000    
  81.000000    	  82.000000    	  0.0000000    	  0.0000000    
  82.000000    	  83.000000    	  0.0000000    	  0.0000000    
  83.000000    	  84.000000    	  0.0000000    	  0.0000000    
  84.000000    	  85.000000    	  0.0000000    	  0.0000000    
  85.000000    	  86.000000    	  0.0000000    	  0.0000000    
  86.000000    	  87.000000    	  0.0000000    	  0.0000000    
  87.000000    	  88.000000    	  0.0000000    	  0.0000000    
  88.000000    	  89.000000    	  0.0000000    	  0.0000000    
  89.000000    	  90.000000    	  0.0000000    	  0.0000000    
  90.000000    	  91.000000    	  0.0000000    	  0.0000000    
  91.000000    	  92.000000    	  0.0000000    	  0.0000000    
  92.000000    	  93.000000    	  0.0000000    	  0.0000000    
  93.000000    	  94.000000    	  0.0000000    	  0.0000000    
  94.000000    	  95.000000    	  0.0000000    	  0.0000000    
  95.000000    	  96.000000    	  0.0000000    	  0.0000000    
  96.000000    	  97.000000    	  0.0000000    	  0.0000000    
  97.000000    	  98.000000    	  0.0000000    	  0.0000000    
  98.000000    	  99.000000    	  0.0000000    	  0.0000000    
  99.000000    	  100.00000    	  0.0000000    	  0.0000000    
