# pt34_37   
# underflow	  0.0000000    	  0.0000000    
# overflow	  0.0000000    	  0.0000000    
# sum	  38662.142    	  1628.3394    
# xmin	xmax	cross	numerror
 0.10000000    	  1.0000000    	  699.55951    	  251.52666    
  1.0000000    	  2.0000000    	  1586.6973    	  293.20899    
  2.0000000    	  3.0000000    	  1642.7905    	  270.07271    
  3.0000000    	  4.0000000    	  2016.2458    	  301.60442    
  4.0000000    	  5.0000000    	  2158.8850    	  313.09149    
  5.0000000    	  6.0000000    	  1917.7151    	  282.79408    
  6.0000000    	  7.0000000    	  1384.2258    	  239.22682    
  7.0000000    	  8.0000000    	  1368.6183    	  236.24149    
  8.0000000    	  9.0000000    	  1308.5467    	  225.83473    
  9.0000000    	  10.000000    	  1307.8607    	  241.39124    
  10.000000    	  11.000000    	  1178.6406    	  212.58383    
  11.000000    	  12.000000    	  699.65720    	  159.51013    
  12.000000    	  13.000000    	  678.88219    	  158.56682    
  13.000000    	  14.000000    	  1061.1931    	  211.37877    
  14.000000    	  15.000000    	  645.85087    	  159.61691    
  15.000000    	  16.000000    	  904.25373    	  195.33375    
  16.000000    	  17.000000    	  604.14945    	  154.51751    
  17.000000    	  18.000000    	  614.13200    	  152.28513    
  18.000000    	  19.000000    	  643.53048    	  178.81846    
  19.000000    	  20.000000    	  522.65287    	  134.96427    
  20.000000    	  21.000000    	  501.95046    	  142.10990    
  21.000000    	  22.000000    	  543.29086    	  137.76775    
  22.000000    	  23.000000    	  434.52020    	  140.78155    
  23.000000    	  24.000000    	  491.08200    	  139.76937    
  24.000000    	  25.000000    	  431.83284    	  137.64029    
  25.000000    	  26.000000    	  391.03887    	  125.49152    
  26.000000    	  27.000000    	  440.86534    	  132.33438    
  27.000000    	  28.000000    	  420.83856    	  143.64041    
  28.000000    	  29.000000    	  376.52435    	  153.66603    
  29.000000    	  30.000000    	  477.10179    	  166.74023    
  30.000000    	  31.000000    	  352.49673    	  115.63504    
  31.000000    	  32.000000    	  343.16639    	  133.40690    
  32.000000    	  33.000000    	  327.36044    	  119.17365    
  33.000000    	  34.000000    	  475.25866    	  173.77770    
  34.000000    	  35.000000    	  362.84080    	  144.99512    
  35.000000    	  36.000000    	  469.93297    	  197.02117    
  36.000000    	  37.000000    	  392.37798    	  141.06038    
  37.000000    	  38.000000    	  292.00704    	  122.69602    
  38.000000    	  39.000000    	  298.72842    	  132.59556    
  39.000000    	  40.000000    	  266.53873    	  139.16152    
  40.000000    	  41.000000    	  436.08591    	  204.65955    
  41.000000    	  42.000000    	  366.60595    	  150.61990    
  42.000000    	  43.000000    	  332.33495    	  194.55349    
  43.000000    	  44.000000    	  415.41188    	  175.04960    
  44.000000    	  45.000000    	  254.68626    	  131.98030    
  45.000000    	  46.000000    	  283.84454    	  117.67919    
  46.000000    	  47.000000    	  329.39251    	  244.25819    
  47.000000    	  48.000000    	  211.22483    	  104.65963    
  48.000000    	  49.000000    	  354.50399    	  165.08087    
  49.000000    	  50.000000    	  266.98881    	  188.98007    
  50.000000    	  51.000000    	  264.70307    	  143.83346    
  51.000000    	  52.000000    	  204.17932    	  144.37658    
  52.000000    	  53.000000    	  333.61093    	  236.05351    
  53.000000    	  54.000000    	  798.19937    	  573.58484    
  54.000000    	  55.000000    	  320.53883    	  320.53883    
  55.000000    	  56.000000    	  203.66780    	  105.28575    
  56.000000    	  57.000000    	  408.62594    	  408.62594    
  57.000000    	  58.000000    	  275.23147    	  195.36052    
  58.000000    	  59.000000    	  175.21049    	  125.50362    
  59.000000    	  60.000000    	  276.95188    	  199.43576    
  60.000000    	  61.000000    	  0.0000000    	  0.0000000    
  61.000000    	  62.000000    	  178.81547    	  97.724161    
  62.000000    	  63.000000    	  164.69606    	  116.45772    
  63.000000    	  64.000000    	  0.0000000    	  0.0000000    
  64.000000    	  65.000000    	  158.37280    	  112.18213    
  65.000000    	  66.000000    	  226.98288    	  226.98288    
  66.000000    	  67.000000    	  151.09186    	  116.05297    
  67.000000    	  68.000000    	  0.0000000    	  0.0000000    
  68.000000    	  69.000000    	  95.212141    	  67.866467    
  69.000000    	  70.000000    	  0.0000000    	  0.0000000    
  70.000000    	  71.000000    	  94.316380    	  94.316380    
  71.000000    	  72.000000    	  98.849832    	  72.526437    
  72.000000    	  73.000000    	  61.439427    	  61.439427    
  73.000000    	  74.000000    	  0.0000000    	  0.0000000    
  74.000000    	  75.000000    	  0.0000000    	  0.0000000    
  75.000000    	  76.000000    	 -48.086773    	  48.086773    
  76.000000    	  77.000000    	 -44.022735    	  44.022735    
  77.000000    	  78.000000    	  0.0000000    	  0.0000000    
  78.000000    	  79.000000    	  0.0000000    	  0.0000000    
  79.000000    	  80.000000    	 -21.364403    	  21.364403    
  80.000000    	  81.000000    	  0.0000000    	  0.0000000    
  81.000000    	  82.000000    	  0.0000000    	  0.0000000    
  82.000000    	  83.000000    	  0.0000000    	  0.0000000    
  83.000000    	  84.000000    	  0.0000000    	  0.0000000    
  84.000000    	  85.000000    	  0.0000000    	  0.0000000    
  85.000000    	  86.000000    	  0.0000000    	  0.0000000    
  86.000000    	  87.000000    	  0.0000000    	  0.0000000    
  87.000000    	  88.000000    	  0.0000000    	  0.0000000    
  88.000000    	  89.000000    	  0.0000000    	  0.0000000    
  89.000000    	  90.000000    	  0.0000000    	  0.0000000    
  90.000000    	  91.000000    	  0.0000000    	  0.0000000    
  91.000000    	  92.000000    	  0.0000000    	  0.0000000    
  92.000000    	  93.000000    	  0.0000000    	  0.0000000    
  93.000000    	  94.000000    	  0.0000000    	  0.0000000    
  94.000000    	  95.000000    	  0.0000000    	  0.0000000    
  95.000000    	  96.000000    	  0.0000000    	  0.0000000    
  96.000000    	  97.000000    	  0.0000000    	  0.0000000    
  97.000000    	  98.000000    	  0.0000000    	  0.0000000    
  98.000000    	  99.000000    	  0.0000000    	  0.0000000    
  99.000000    	  100.00000    	  0.0000000    	  0.0000000    
