# pt34_22   
# underflow	  25.768874    	  18.937028    
# overflow	  0.0000000    	  0.0000000    
# sum	  85465.064    	  2414.9788    
# xmin	xmax	cross	numerror
 0.10000000    	  1.0000000    	  695.61851    	  150.09316    
  1.0000000    	  2.0000000    	  2038.5391    	  260.77876    
  2.0000000    	  3.0000000    	  2915.3516    	  314.42137    
  3.0000000    	  4.0000000    	  3411.3671    	  343.16371    
  4.0000000    	  5.0000000    	  3371.7008    	  342.72794    
  5.0000000    	  6.0000000    	  3230.2548    	  335.83947    
  6.0000000    	  7.0000000    	  3324.0875    	  343.68917    
  7.0000000    	  8.0000000    	  3050.6539    	  331.83342    
  8.0000000    	  9.0000000    	  3012.8455    	  336.34533    
  9.0000000    	  10.000000    	  2536.8255    	  307.21303    
  10.000000    	  11.000000    	  2479.5272    	  305.39443    
  11.000000    	  12.000000    	  2240.4592    	  291.95954    
  12.000000    	  13.000000    	  2282.7087    	  295.27286    
  13.000000    	  14.000000    	  1854.1636    	  265.59210    
  14.000000    	  15.000000    	  1466.1313    	  237.04223    
  15.000000    	  16.000000    	  1699.8126    	  255.01019    
  16.000000    	  17.000000    	  1683.8142    	  257.67500    
  17.000000    	  18.000000    	  1709.1326    	  257.67038    
  18.000000    	  19.000000    	  1288.8820    	  223.38292    
  19.000000    	  20.000000    	  1147.5588    	  219.76309    
  20.000000    	  21.000000    	  1277.3582    	  223.72125    
  21.000000    	  22.000000    	  1117.4136    	  209.37392    
  22.000000    	  23.000000    	  976.06510    	  199.73980    
  23.000000    	  24.000000    	  1019.3939    	  200.74999    
  24.000000    	  25.000000    	  821.52495    	  179.72885    
  25.000000    	  26.000000    	  984.41301    	  209.70244    
  26.000000    	  27.000000    	  837.07160    	  183.51296    
  27.000000    	  28.000000    	  863.88369    	  195.95877    
  28.000000    	  29.000000    	  874.89881    	  195.80528    
  29.000000    	  30.000000    	  1098.7712    	  245.58786    
  30.000000    	  31.000000    	  630.37253    	  174.17453    
  31.000000    	  32.000000    	  700.49087    	  178.22413    
  32.000000    	  33.000000    	  664.50242    	  163.07111    
  33.000000    	  34.000000    	  687.07430    	  177.64395    
  34.000000    	  35.000000    	  641.29899    	  171.03559    
  35.000000    	  36.000000    	  681.55466    	  200.10895    
  36.000000    	  37.000000    	  604.09885    	  160.33990    
  37.000000    	  38.000000    	  657.96518    	  203.05150    
  38.000000    	  39.000000    	  571.54357    	  161.93010    
  39.000000    	  40.000000    	  614.13303    	  171.14239    
  40.000000    	  41.000000    	  726.39997    	  266.58670    
  41.000000    	  42.000000    	  746.73069    	  214.96190    
  42.000000    	  43.000000    	  704.86320    	  244.97801    
  43.000000    	  44.000000    	  579.96189    	  173.12004    
  44.000000    	  45.000000    	  544.57262    	  184.47549    
  45.000000    	  46.000000    	  541.75949    	  166.10836    
  46.000000    	  47.000000    	  530.45304    	  213.30558    
  47.000000    	  48.000000    	  560.83324    	  199.42265    
  48.000000    	  49.000000    	  500.11556    	  155.01345    
  49.000000    	  50.000000    	  573.50262    	  234.45640    
  50.000000    	  51.000000    	  530.21633    	  196.33487    
  51.000000    	  52.000000    	  470.47375    	  241.04667    
  52.000000    	  53.000000    	  546.54710    	  183.84260    
  53.000000    	  54.000000    	  531.21166    	  217.77770    
  54.000000    	  55.000000    	  583.23159    	  242.14692    
  55.000000    	  56.000000    	  680.95181    	  293.30089    
  56.000000    	  57.000000    	  640.50341    	  264.78618    
  57.000000    	  58.000000    	  599.02910    	  222.88107    
  58.000000    	  59.000000    	  534.40943    	  309.95717    
  59.000000    	  60.000000    	  836.21255    	  324.54786    
  60.000000    	  61.000000    	  826.96644    	  501.63682    
  61.000000    	  62.000000    	  506.66259    	  210.52725    
  62.000000    	  63.000000    	  412.18397    	  195.76694    
  63.000000    	  64.000000    	  458.51056    	  328.48224    
  64.000000    	  65.000000    	  585.39588    	  264.70529    
  65.000000    	  66.000000    	  653.08277    	  377.45716    
  66.000000    	  67.000000    	  645.07026    	  296.19667    
  67.000000    	  68.000000    	  542.44550    	  281.09422    
  68.000000    	  69.000000    	  515.02099    	  261.87036    
  69.000000    	  70.000000    	  513.23599    	  296.50707    
  70.000000    	  71.000000    	  618.83376    	  315.39231    
  71.000000    	  72.000000    	  624.04308    	  367.59743    
  72.000000    	  73.000000    	  792.91513    	  402.07759    
  73.000000    	  74.000000    	  677.48845    	  479.05982    
  74.000000    	  75.000000    	  523.31921    	  377.74251    
  75.000000    	  76.000000    	  929.47075    	  471.17000    
  76.000000    	  77.000000    	  481.32722    	  280.96922    
  77.000000    	  78.000000    	  572.76341    	  405.07890    
  78.000000    	  79.000000    	  407.98786    	  293.79450    
  79.000000    	  80.000000    	  427.32865    	  249.86902    
  80.000000    	  81.000000    	  0.0000000    	  0.0000000    
  81.000000    	  82.000000    	  0.0000000    	  0.0000000    
  82.000000    	  83.000000    	  0.0000000    	  0.0000000    
  83.000000    	  84.000000    	  0.0000000    	  0.0000000    
  84.000000    	  85.000000    	  0.0000000    	  0.0000000    
  85.000000    	  86.000000    	  0.0000000    	  0.0000000    
  86.000000    	  87.000000    	  0.0000000    	  0.0000000    
  87.000000    	  88.000000    	  0.0000000    	  0.0000000    
  88.000000    	  89.000000    	  0.0000000    	  0.0000000    
  89.000000    	  90.000000    	  0.0000000    	  0.0000000    
  90.000000    	  91.000000    	  0.0000000    	  0.0000000    
  91.000000    	  92.000000    	  0.0000000    	  0.0000000    
  92.000000    	  93.000000    	  0.0000000    	  0.0000000    
  93.000000    	  94.000000    	  0.0000000    	  0.0000000    
  94.000000    	  95.000000    	  0.0000000    	  0.0000000    
  95.000000    	  96.000000    	  0.0000000    	  0.0000000    
  96.000000    	  97.000000    	  0.0000000    	  0.0000000    
  97.000000    	  98.000000    	  0.0000000    	  0.0000000    
  98.000000    	  99.000000    	  0.0000000    	  0.0000000    
  99.000000    	  100.00000    	  0.0000000    	  0.0000000    
