# pt34_34   
# underflow	  85.106508    	  85.106508    
# overflow	  521.74507    	  14.034368    
# sum	  146324.04    	  2264.4685    
# xmin	xmax	cross	numerror
 0.10000000    	  1.0000000    	  516.03118    	  160.62408    
  1.0000000    	  2.0000000    	  18680.007    	  576.02588    
  2.0000000    	  3.0000000    	  14487.781    	  469.31617    
  3.0000000    	  4.0000000    	  11292.863    	  436.00270    
  4.0000000    	  5.0000000    	  9590.6185    	  425.40426    
  5.0000000    	  6.0000000    	  7827.6701    	  408.62970    
  6.0000000    	  7.0000000    	  6671.9114    	  372.64474    
  7.0000000    	  8.0000000    	  5993.2995    	  382.09366    
  8.0000000    	  9.0000000    	  4830.1787    	  351.44881    
  9.0000000    	  10.000000    	  4492.3775    	  335.22112    
  10.000000    	  11.000000    	  4075.7986    	  316.79793    
  11.000000    	  12.000000    	  3567.8347    	  314.43985    
  12.000000    	  13.000000    	  3240.2895    	  294.18839    
  13.000000    	  14.000000    	  2909.1370    	  269.29775    
  14.000000    	  15.000000    	  2220.9281    	  213.52646    
  15.000000    	  16.000000    	  1992.2891    	  214.97510    
  16.000000    	  17.000000    	  2222.2864    	  244.77792    
  17.000000    	  18.000000    	  1980.7783    	  217.59754    
  18.000000    	  19.000000    	  1721.1669    	  208.82759    
  19.000000    	  20.000000    	  1691.5848    	  213.15741    
  20.000000    	  21.000000    	  1702.5413    	  213.01404    
  21.000000    	  22.000000    	  1707.2500    	  224.47138    
  22.000000    	  23.000000    	  1130.6943    	  187.28345    
  23.000000    	  24.000000    	  1297.4816    	  177.05077    
  24.000000    	  25.000000    	  1111.2971    	  183.40872    
  25.000000    	  26.000000    	  1120.6718    	  189.81928    
  26.000000    	  27.000000    	  1023.1498    	  181.20802    
  27.000000    	  28.000000    	  1039.8220    	  170.28402    
  28.000000    	  29.000000    	  901.59765    	  153.87396    
  29.000000    	  30.000000    	  1012.8647    	  192.98304    
  30.000000    	  31.000000    	  844.84519    	  163.55165    
  31.000000    	  32.000000    	  817.79312    	  154.82276    
  32.000000    	  33.000000    	  852.98886    	  200.80586    
  33.000000    	  34.000000    	  795.51138    	  178.80237    
  34.000000    	  35.000000    	  689.16377    	  169.32636    
  35.000000    	  36.000000    	  755.33806    	  184.98217    
  36.000000    	  37.000000    	  737.80054    	  190.16763    
  37.000000    	  38.000000    	  611.16373    	  144.80324    
  38.000000    	  39.000000    	  673.92037    	  196.91761    
  39.000000    	  40.000000    	  639.92420    	  158.37358    
  40.000000    	  41.000000    	  641.72717    	  250.18714    
  41.000000    	  42.000000    	  609.98839    	  223.29579    
  42.000000    	  43.000000    	  557.01724    	  174.88497    
  43.000000    	  44.000000    	  534.40145    	  167.85606    
  44.000000    	  45.000000    	  606.77727    	  189.75020    
  45.000000    	  46.000000    	  420.63205    	  147.33578    
  46.000000    	  47.000000    	  593.18884    	  211.99390    
  47.000000    	  48.000000    	  597.95400    	  209.17735    
  48.000000    	  49.000000    	  411.29195    	  155.12848    
  49.000000    	  50.000000    	  533.35259    	  209.84294    
  50.000000    	  51.000000    	  498.12529    	  227.99106    
  51.000000    	  52.000000    	  460.66209    	  160.14732    
  52.000000    	  53.000000    	  518.89731    	  251.86670    
  53.000000    	  54.000000    	  467.79345    	  395.95197    
  54.000000    	  55.000000    	  449.70084    	  212.18091    
  55.000000    	  56.000000    	  600.65349    	  378.61560    
  56.000000    	  57.000000    	  485.93277    	  196.48908    
  57.000000    	  58.000000    	  300.33291    	  211.06494    
  58.000000    	  59.000000    	  439.92913    	  184.86380    
  59.000000    	  60.000000    	  420.83679    	  242.25035    
  60.000000    	  61.000000    	  377.03072    	  199.73064    
  61.000000    	  62.000000    	  457.28036    	  408.27699    
  62.000000    	  63.000000    	  351.09196    	  220.35620    
  63.000000    	  64.000000    	  294.50709    	  134.64812    
  64.000000    	  65.000000    	  24.935659    	  33.965091    
  65.000000    	  66.000000    	  448.49068    	  228.17638    
  66.000000    	  67.000000    	  474.21819    	  431.36814    
  67.000000    	  68.000000    	  390.18923    	  208.00235    
  68.000000    	  69.000000    	  288.92172    	  197.18375    
  69.000000    	  70.000000    	  335.36844    	  213.60666    
  70.000000    	  71.000000    	  160.45754    	  119.74856    
  71.000000    	  72.000000    	  35.227040    	  9.3862484    
  72.000000    	  73.000000    	  313.77660    	  288.13013    
  73.000000    	  74.000000    	  27.678048    	  11.492446    
  74.000000    	  75.000000    	  276.03764    	  262.67351    
  75.000000    	  76.000000    	  307.97997    	  282.00825    
  76.000000    	  77.000000    	  301.21311    	  267.63837    
  77.000000    	  78.000000    	  222.07373    	  213.72416    
  78.000000    	  79.000000    	  275.84751    	  248.75781    
  79.000000    	  80.000000    	  265.55374    	  248.42834    
  80.000000    	  81.000000    	  43.936880    	  6.4990893    
  81.000000    	  82.000000    	  24.990648    	  5.7357447    
  82.000000    	  83.000000    	  31.417679    	  6.7114420    
  83.000000    	  84.000000    	  36.480535    	  6.2464573    
  84.000000    	  85.000000    	  28.169224    	  5.8948786    
  85.000000    	  86.000000    	  15.578390    	  5.4765314    
  86.000000    	  87.000000    	  24.596025    	  5.2966689    
  87.000000    	  88.000000    	  33.973902    	  5.1596096    
  88.000000    	  89.000000    	  27.540137    	  4.6624349    
  89.000000    	  90.000000    	  9.3463957    	  4.8097337    
  90.000000    	  91.000000    	  28.378358    	  5.4445142    
  91.000000    	  92.000000    	  24.441211    	  4.2651960    
  92.000000    	  93.000000    	  20.695224    	  4.3711931    
  93.000000    	  94.000000    	  22.948793    	  4.3064977    
  94.000000    	  95.000000    	  17.900245    	  3.8205924    
  95.000000    	  96.000000    	  18.588412    	  4.1598042    
  96.000000    	  97.000000    	  16.733557    	  3.6384706    
  97.000000    	  98.000000    	  20.397829    	  3.8748209    
  98.000000    	  99.000000    	  15.343271    	  3.2746476    
  99.000000    	  100.00000    	  8.0101005    	  4.2409897    
