# pt34_32   
# underflow	  20.129561    	  16.698276    
# overflow	  874.97863    	  21.265287    
# sum	  164824.07    	  2555.5200    
# xmin	xmax	cross	numerror
 0.10000000    	  1.0000000    	  545.76291    	  167.01011    
  1.0000000    	  2.0000000    	  18581.374    	  589.49318    
  2.0000000    	  3.0000000    	  15735.825    	  452.37784    
  3.0000000    	  4.0000000    	  12628.944    	  455.60971    
  4.0000000    	  5.0000000    	  10678.422    	  434.15783    
  5.0000000    	  6.0000000    	  8244.4281    	  385.93148    
  6.0000000    	  7.0000000    	  7430.6926    	  397.50870    
  7.0000000    	  8.0000000    	  6946.0295    	  391.98400    
  8.0000000    	  9.0000000    	  5680.2299    	  359.78218    
  9.0000000    	  10.000000    	  5162.2342    	  350.22915    
  10.000000    	  11.000000    	  3967.6998    	  289.75214    
  11.000000    	  12.000000    	  4182.2174    	  325.19406    
  12.000000    	  13.000000    	  3361.8430    	  287.74940    
  13.000000    	  14.000000    	  3169.9575    	  272.62976    
  14.000000    	  15.000000    	  3094.7339    	  285.55309    
  15.000000    	  16.000000    	  2622.0259    	  251.44865    
  16.000000    	  17.000000    	  2206.4990    	  232.94019    
  17.000000    	  18.000000    	  2175.0639    	  244.82899    
  18.000000    	  19.000000    	  1929.2677    	  208.39741    
  19.000000    	  20.000000    	  1731.9562    	  198.76459    
  20.000000    	  21.000000    	  1781.8418    	  215.24693    
  21.000000    	  22.000000    	  1641.0401    	  217.39842    
  22.000000    	  23.000000    	  1651.2812    	  216.55027    
  23.000000    	  24.000000    	  1391.7803    	  221.74629    
  24.000000    	  25.000000    	  1432.6513    	  193.45718    
  25.000000    	  26.000000    	  1324.5365    	  213.28285    
  26.000000    	  27.000000    	  1244.0435    	  194.93952    
  27.000000    	  28.000000    	  1139.2682    	  185.50088    
  28.000000    	  29.000000    	  984.17151    	  154.15393    
  29.000000    	  30.000000    	  1148.2632    	  189.08202    
  30.000000    	  31.000000    	  910.61763    	  174.02677    
  31.000000    	  32.000000    	  911.28604    	  180.97175    
  32.000000    	  33.000000    	  913.15802    	  185.69110    
  33.000000    	  34.000000    	  917.51747    	  168.87613    
  34.000000    	  35.000000    	  844.28795    	  182.48102    
  35.000000    	  36.000000    	  830.95276    	  170.25770    
  36.000000    	  37.000000    	  762.86895    	  146.61290    
  37.000000    	  38.000000    	  724.75521    	  177.35406    
  38.000000    	  39.000000    	  828.10073    	  200.51203    
  39.000000    	  40.000000    	  747.56745    	  193.42097    
  40.000000    	  41.000000    	  753.73248    	  209.23523    
  41.000000    	  42.000000    	  696.82607    	  170.29226    
  42.000000    	  43.000000    	  664.22764    	  164.62694    
  43.000000    	  44.000000    	  780.51087    	  288.53208    
  44.000000    	  45.000000    	  702.65768    	  200.11850    
  45.000000    	  46.000000    	  643.09643    	  236.34121    
  46.000000    	  47.000000    	  645.17082    	  186.51665    
  47.000000    	  48.000000    	  419.07150    	  141.27389    
  48.000000    	  49.000000    	  552.16218    	  182.62312    
  49.000000    	  50.000000    	  487.83252    	  180.61537    
  50.000000    	  51.000000    	  733.04486    	  270.20756    
  51.000000    	  52.000000    	  562.04516    	  198.56637    
  52.000000    	  53.000000    	  522.00225    	  221.53457    
  53.000000    	  54.000000    	  737.82594    	  393.20506    
  54.000000    	  55.000000    	  499.81411    	  252.03373    
  55.000000    	  56.000000    	  643.86847    	  221.59647    
  56.000000    	  57.000000    	  577.99946    	  324.02023    
  57.000000    	  58.000000    	  563.83698    	  234.88919    
  58.000000    	  59.000000    	  551.13740    	  318.29138    
  59.000000    	  60.000000    	  637.90715    	  274.20273    
  60.000000    	  61.000000    	  550.90456    	  331.84321    
  61.000000    	  62.000000    	  516.37237    	  435.92140    
  62.000000    	  63.000000    	  496.56637    	  309.02229    
  63.000000    	  64.000000    	  510.08844    	  311.29907    
  64.000000    	  65.000000    	  479.05135    	  302.08946    
  65.000000    	  66.000000    	  71.249763    	  15.192815    
  66.000000    	  67.000000    	  490.17439    	  256.42879    
  67.000000    	  68.000000    	  498.03318    	  427.74039    
  68.000000    	  69.000000    	  457.15531    	  229.14594    
  69.000000    	  70.000000    	  427.92052    	  366.70905    
  70.000000    	  71.000000    	  677.10658    	  617.08681    
  71.000000    	  72.000000    	  503.50308    	  322.84136    
  72.000000    	  73.000000    	  477.45304    	  252.93933    
  73.000000    	  74.000000    	  509.04683    	  335.80411    
  74.000000    	  75.000000    	  472.03440    	  433.38286    
  75.000000    	  76.000000    	  430.77748    	  277.37914    
  76.000000    	  77.000000    	  422.51641    	  392.25663    
  77.000000    	  78.000000    	  322.15243    	  294.76700    
  78.000000    	  79.000000    	  28.100187    	  11.497094    
  79.000000    	  80.000000    	  316.77031    	  275.54985    
  80.000000    	  81.000000    	  35.891260    	  7.6344138    
  81.000000    	  82.000000    	  58.949830    	  8.1644544    
  82.000000    	  83.000000    	  48.608466    	  7.3439820    
  83.000000    	  84.000000    	  28.021169    	  6.7208273    
  84.000000    	  85.000000    	  39.659112    	  7.2957586    
  85.000000    	  86.000000    	  46.260709    	  7.2618300    
  86.000000    	  87.000000    	  35.371568    	  7.1845262    
  87.000000    	  88.000000    	  38.451034    	  6.2540373    
  88.000000    	  89.000000    	  44.490545    	  5.7409289    
  89.000000    	  90.000000    	  19.227756    	  6.3733325    
  90.000000    	  91.000000    	  38.139371    	  6.0538903    
  91.000000    	  92.000000    	  37.749885    	  5.7819595    
  92.000000    	  93.000000    	  36.270046    	  5.0281820    
  93.000000    	  94.000000    	  29.844516    	  5.1961748    
  94.000000    	  95.000000    	  24.430460    	  4.8235742    
  95.000000    	  96.000000    	  34.625612    	  4.8797801    
  96.000000    	  97.000000    	  24.431556    	  4.9255418    
  97.000000    	  98.000000    	  26.968168    	  5.0620194    
  98.000000    	  99.000000    	  22.514205    	  4.2719167    
  99.000000    	  100.00000    	  22.111074    	  4.0715396    
