# pt34_6    
# underflow	  0.0000000    	  0.0000000    
# overflow	  2.2256691    	 0.15213777E-01
# sum	  13469.019    	  1433.2937    
# xmin	xmax	cross	numerror
 0.10000000    	  1.0000000    	  350.08938    	  166.75437    
  1.0000000    	  2.0000000    	  743.06789    	  243.76427    
  2.0000000    	  3.0000000    	  630.90745    	  178.12129    
  3.0000000    	  4.0000000    	  739.60832    	  193.14966    
  4.0000000    	  5.0000000    	  554.13876    	  164.53938    
  5.0000000    	  6.0000000    	  541.06471    	  150.79333    
  6.0000000    	  7.0000000    	  530.74967    	  156.80687    
  7.0000000    	  8.0000000    	  461.41643    	  158.18642    
  8.0000000    	  9.0000000    	  516.31232    	  164.61898    
  9.0000000    	  10.000000    	  374.18172    	  119.29000    
  10.000000    	  11.000000    	  422.21809    	  138.75045    
  11.000000    	  12.000000    	  428.16264    	  133.22253    
  12.000000    	  13.000000    	  405.23308    	  140.05129    
  13.000000    	  14.000000    	  484.27036    	  166.29174    
  14.000000    	  15.000000    	  255.55597    	  96.362822    
  15.000000    	  16.000000    	  395.95976    	  134.69766    
  16.000000    	  17.000000    	  322.63612    	  109.81456    
  17.000000    	  18.000000    	  275.62218    	  121.05181    
  18.000000    	  19.000000    	  375.75252    	  155.19995    
  19.000000    	  20.000000    	  336.36639    	  122.67460    
  20.000000    	  21.000000    	  239.81272    	  110.02047    
  21.000000    	  22.000000    	  300.98280    	  134.47262    
  22.000000    	  23.000000    	  202.84889    	  144.76336    
  23.000000    	  24.000000    	  313.41850    	  130.38970    
  24.000000    	  25.000000    	  436.86784    	  430.44711    
  25.000000    	  26.000000    	  235.50704    	  114.67763    
  26.000000    	  27.000000    	  306.46327    	  153.52150    
  27.000000    	  28.000000    	  262.26010    	  169.38179    
  28.000000    	  29.000000    	  173.67540    	  121.96091    
  29.000000    	  30.000000    	  278.90117    	  161.54793    
  30.000000    	  31.000000    	  244.78317    	  120.25305    
  31.000000    	  32.000000    	  193.60973    	  181.61543    
  32.000000    	  33.000000    	  192.32889    	  106.71396    
  33.000000    	  34.000000    	  87.007604    	  52.142402    
  34.000000    	  35.000000    	  456.74257    	  444.85723    
  35.000000    	  36.000000    	  196.90724    	  131.16341    
  36.000000    	  37.000000    	  360.55390    	  347.50288    
  37.000000    	  38.000000    	  200.02813    	  135.82881    
  38.000000    	  39.000000    	  146.79256    	  134.38000    
  39.000000    	  40.000000    	  234.61086    	  219.85531    
  40.000000    	  41.000000    	  126.36718    	  81.165759    
  41.000000    	  42.000000    	  12.781071    	 0.50927339    
  42.000000    	  43.000000    	  124.15218    	  64.822824    
  43.000000    	  44.000000    	  13.337092    	 0.27706577    
  44.000000    	  45.000000    	  12.921298    	 0.19731078    
  45.000000    	  46.000000    	  82.724058    	  59.369430    
  46.000000    	  47.000000    	  75.757067    	  63.619215    
  47.000000    	  48.000000    	  1.9087952    	  34.598697    
  48.000000    	  49.000000    	  1.4796712    	  15.473186    
  49.000000    	  50.000000    	  11.796162    	 0.34240392    
  50.000000    	  51.000000    	  28.735692    	  16.836784    
  51.000000    	  52.000000    	 -39.651815    	  52.036586    
  52.000000    	  53.000000    	 -82.445232    	  92.777836    
  53.000000    	  54.000000    	  11.985066    	 0.58024203    
  54.000000    	  55.000000    	  9.7531245    	 0.51048155    
  55.000000    	  56.000000    	  11.869715    	 0.68276659    
  56.000000    	  57.000000    	 -227.15388    	  238.02222    
  57.000000    	  58.000000    	  10.989674    	  1.0938007    
  58.000000    	  59.000000    	  11.349938    	  1.1613206    
  59.000000    	  60.000000    	  8.9769790    	 0.93972681    
  60.000000    	  61.000000    	  11.376094    	  1.4216194    
  61.000000    	  62.000000    	 -468.50606    	  478.16352    
  62.000000    	  63.000000    	  10.950008    	  1.3874869    
  63.000000    	  64.000000    	  10.018596    	  1.2688096    
  64.000000    	  65.000000    	  10.912874    	  1.3796439    
  65.000000    	  66.000000    	  8.9725005    	  1.2944775    
  66.000000    	  67.000000    	  8.0805269    	  1.1159333    
  67.000000    	  68.000000    	  8.5912052    	  1.2061108    
  68.000000    	  69.000000    	  10.476333    	  1.4517880    
  69.000000    	  70.000000    	  7.8173278    	  1.2098184    
  70.000000    	  71.000000    	  7.5444669    	  1.1459987    
  71.000000    	  72.000000    	  8.5841172    	  1.3048184    
  72.000000    	  73.000000    	  8.8259097    	  1.2988457    
  73.000000    	  74.000000    	  10.004550    	  1.5455469    
  74.000000    	  75.000000    	  5.9410239    	 0.99499198    
  75.000000    	  76.000000    	  6.8119000    	  1.2025201    
  76.000000    	  77.000000    	  5.5726848    	 0.94747868    
  77.000000    	  78.000000    	  8.8771008    	  1.5059256    
  78.000000    	  79.000000    	  6.1438933    	  1.0639143    
  79.000000    	  80.000000    	 -643.29305    	  648.82702    
  80.000000    	  81.000000    	 0.88734057    	 0.24929627E-01
  81.000000    	  82.000000    	 0.75696187    	 0.21822937E-01
  82.000000    	  83.000000    	 0.72561251    	 0.21386728E-01
  83.000000    	  84.000000    	 0.66234130    	 0.19531294E-01
  84.000000    	  85.000000    	 0.60376222    	 0.17982662E-01
  85.000000    	  86.000000    	 0.56805748    	 0.16574208E-01
  86.000000    	  87.000000    	 0.49036096    	 0.14834201E-01
  87.000000    	  88.000000    	 0.46833407    	 0.14042304E-01
  88.000000    	  89.000000    	 0.44589127    	 0.13497016E-01
  89.000000    	  90.000000    	 0.29411614E-01	 0.31811288E-02
  90.000000    	  91.000000    	 0.22599712    	 0.87059212E-02
  91.000000    	  92.000000    	 0.25923503    	 0.90667439E-02
  92.000000    	  93.000000    	 0.32724959    	 0.10032750E-01
  93.000000    	  94.000000    	 0.27848720    	 0.88093611E-02
  94.000000    	  95.000000    	 0.25672575    	 0.79711519E-02
  95.000000    	  96.000000    	 0.22293540    	 0.72711957E-02
  96.000000    	  97.000000    	 0.24200171    	 0.75170076E-02
  97.000000    	  98.000000    	 0.22549664    	 0.69271164E-02
  98.000000    	  99.000000    	 0.17460445    	 0.56344344E-02
  99.000000    	  100.00000    	 0.19072715    	 0.59614714E-02
