# pt34_15   
# underflow	  0.0000000    	  0.0000000    
# overflow	  735.25809    	  14.805454    
# sum	  130489.20    	  1021.7510    
# xmin	xmax	cross	numerror
  0.0000000    	  1.0000000    	  0.0000000    	  0.0000000    
  1.0000000    	  2.0000000    	  14616.014    	  676.81333    
  2.0000000    	  3.0000000    	  15108.870    	  396.95389    
  3.0000000    	  4.0000000    	  12079.716    	  295.66278    
  4.0000000    	  5.0000000    	  9726.9392    	  238.23300    
  5.0000000    	  6.0000000    	  8207.7418    	  200.73136    
  6.0000000    	  7.0000000    	  6697.4768    	  185.13037    
  7.0000000    	  8.0000000    	  5721.5120    	  166.26265    
  8.0000000    	  9.0000000    	  4943.6881    	  143.53079    
  9.0000000    	  10.000000    	  4300.0633    	  115.95551    
  10.000000    	  11.000000    	  3931.8150    	  120.98591    
  11.000000    	  12.000000    	  3103.5711    	  114.84749    
  12.000000    	  13.000000    	  3103.8523    	  113.41822    
  13.000000    	  14.000000    	  2764.3430    	  115.83330    
  14.000000    	  15.000000    	  2291.8089    	  88.128596    
  15.000000    	  16.000000    	  2288.3544    	  77.045173    
  16.000000    	  17.000000    	  1986.2275    	  79.253327    
  17.000000    	  18.000000    	  1871.6860    	  84.595788    
  18.000000    	  19.000000    	  1679.4156    	  73.833318    
  19.000000    	  20.000000    	  1484.3775    	  71.197278    
  20.000000    	  21.000000    	  1464.8598    	  72.320482    
  21.000000    	  22.000000    	  1358.8833    	  60.790390    
  22.000000    	  23.000000    	  1214.3371    	  55.929190    
  23.000000    	  24.000000    	  1064.8163    	  57.457133    
  24.000000    	  25.000000    	  1108.4569    	  55.894565    
  25.000000    	  26.000000    	  1048.7770    	  54.320010    
  26.000000    	  27.000000    	  957.86246    	  50.089032    
  27.000000    	  28.000000    	  840.77407    	  48.543984    
  28.000000    	  29.000000    	  789.21854    	  45.673090    
  29.000000    	  30.000000    	  787.52318    	  43.175634    
  30.000000    	  31.000000    	  661.54987    	  43.140516    
  31.000000    	  32.000000    	  636.71102    	  40.699386    
  32.000000    	  33.000000    	  643.59787    	  38.973893    
  33.000000    	  34.000000    	  603.81691    	  37.986926    
  34.000000    	  35.000000    	  632.13913    	  38.910136    
  35.000000    	  36.000000    	  504.25928    	  37.152582    
  36.000000    	  37.000000    	  482.58016    	  32.125460    
  37.000000    	  38.000000    	  421.08727    	  31.592946    
  38.000000    	  39.000000    	  431.68842    	  32.048744    
  39.000000    	  40.000000    	  472.53334    	  30.874483    
  40.000000    	  41.000000    	  372.16523    	  27.028236    
  41.000000    	  42.000000    	  382.10420    	  26.726850    
  42.000000    	  43.000000    	  370.48331    	  25.496440    
  43.000000    	  44.000000    	  339.71762    	  26.565418    
  44.000000    	  45.000000    	  301.18694    	  24.493232    
  45.000000    	  46.000000    	  312.75732    	  23.468006    
  46.000000    	  47.000000    	  336.32660    	  21.971175    
  47.000000    	  48.000000    	  273.43076    	  20.156369    
  48.000000    	  49.000000    	  230.72903    	  20.190044    
  49.000000    	  50.000000    	  248.73408    	  21.809671    
  50.000000    	  51.000000    	  229.26899    	  19.475664    
  51.000000    	  52.000000    	  269.37389    	  21.983183    
  52.000000    	  53.000000    	  159.34374    	  24.487991    
  53.000000    	  54.000000    	  192.76325    	  18.441802    
  54.000000    	  55.000000    	  190.95405    	  15.905207    
  55.000000    	  56.000000    	  177.17818    	  15.964610    
  56.000000    	  57.000000    	  184.31944    	  15.487089    
  57.000000    	  58.000000    	  162.52855    	  15.425599    
  58.000000    	  59.000000    	  181.94287    	  16.103599    
  59.000000    	  60.000000    	  146.98969    	  14.991334    
  60.000000    	  61.000000    	  130.15579    	  15.534830    
  61.000000    	  62.000000    	  158.73985    	  15.650387    
  62.000000    	  63.000000    	  112.93725    	  13.770763    
  63.000000    	  64.000000    	  128.09514    	  11.762470    
  64.000000    	  65.000000    	  116.06224    	  12.538755    
  65.000000    	  66.000000    	  108.08885    	  12.999967    
  66.000000    	  67.000000    	  104.47440    	  12.361024    
  67.000000    	  68.000000    	  87.899545    	  10.839547    
  68.000000    	  69.000000    	  127.38464    	  10.245315    
  69.000000    	  70.000000    	  83.109875    	  10.085058    
  70.000000    	  71.000000    	  79.683459    	  11.291178    
  71.000000    	  72.000000    	  104.48531    	  10.620736    
  72.000000    	  73.000000    	  79.308852    	  9.5661364    
  73.000000    	  74.000000    	  85.704212    	  8.6225556    
  74.000000    	  75.000000    	  72.276914    	  8.9587719    
  75.000000    	  76.000000    	  77.299955    	  8.8839005    
  76.000000    	  77.000000    	  55.798010    	  8.7693437    
  77.000000    	  78.000000    	  69.049632    	  8.8372616    
  78.000000    	  79.000000    	  48.129307    	  8.4890160    
  79.000000    	  80.000000    	  67.090001    	  7.9696849    
  80.000000    	  81.000000    	  48.237702    	  7.4274148    
  81.000000    	  82.000000    	  53.661008    	  8.3206495    
  82.000000    	  83.000000    	  53.734076    	  7.9902236    
  83.000000    	  84.000000    	  41.674208    	  7.4327079    
  84.000000    	  85.000000    	  55.778768    	  7.8893347    
  85.000000    	  86.000000    	  27.510760    	  6.9532476    
  86.000000    	  87.000000    	  41.744907    	  6.2794716    
  87.000000    	  88.000000    	  46.513547    	  7.1887773    
  88.000000    	  89.000000    	  38.268407    	  6.8105174    
  89.000000    	  90.000000    	  37.423070    	  6.5593889    
  90.000000    	  91.000000    	  28.095023    	  5.5159176    
  91.000000    	  92.000000    	  41.864573    	  6.1828928    
  92.000000    	  93.000000    	  41.080281    	  5.7810794    
  93.000000    	  94.000000    	  36.325189    	  5.1944898    
  94.000000    	  95.000000    	  27.998405    	  5.8612424    
  95.000000    	  96.000000    	  29.332565    	  5.4724910    
  96.000000    	  97.000000    	  22.804655    	  5.0978327    
  97.000000    	  98.000000    	  32.971815    	  4.7042474    
  98.000000    	  99.000000    	  29.445504    	  4.1235329    
  99.000000    	  100.00000    	  28.465396    	  4.2644657    
