# pt34_34   
# underflow	  61.775276    	  61.775276    
# overflow	  0.0000000    	  0.0000000    
# sum	  41640.737    	  1664.5336    
# xmin	xmax	cross	numerror
 0.10000000    	  1.0000000    	  746.20465    	  163.63346    
  1.0000000    	  2.0000000    	  784.66422    	  176.19292    
  2.0000000    	  3.0000000    	  1929.9591    	  260.41644    
  3.0000000    	  4.0000000    	  1936.6402    	  260.39728    
  4.0000000    	  5.0000000    	  1536.8545    	  229.99096    
  5.0000000    	  6.0000000    	  1680.2248    	  239.60360    
  6.0000000    	  7.0000000    	  1545.5676    	  225.04056    
  7.0000000    	  8.0000000    	  1430.1476    	  222.84957    
  8.0000000    	  9.0000000    	  1450.6930    	  222.59069    
  9.0000000    	  10.000000    	  1144.9299    	  198.86917    
  10.000000    	  11.000000    	  998.19926    	  185.91625    
  11.000000    	  12.000000    	  1005.6957    	  183.17356    
  12.000000    	  13.000000    	  1190.2335    	  198.31826    
  13.000000    	  14.000000    	  554.17437    	  136.07608    
  14.000000    	  15.000000    	  572.68583    	  140.42741    
  15.000000    	  16.000000    	  718.78072    	  170.51282    
  16.000000    	  17.000000    	  622.80970    	  143.38749    
  17.000000    	  18.000000    	  634.88945    	  142.92534    
  18.000000    	  19.000000    	  902.51878    	  205.87380    
  19.000000    	  20.000000    	  515.42325    	  139.36587    
  20.000000    	  21.000000    	  533.70398    	  156.38646    
  21.000000    	  22.000000    	  666.76930    	  154.00191    
  22.000000    	  23.000000    	  553.98603    	  157.30406    
  23.000000    	  24.000000    	  519.71553    	  152.61552    
  24.000000    	  25.000000    	  498.81091    	  133.10458    
  25.000000    	  26.000000    	  400.84795    	  130.94205    
  26.000000    	  27.000000    	  495.57360    	  149.33727    
  27.000000    	  28.000000    	  374.31313    	  120.51186    
  28.000000    	  29.000000    	  371.98362    	  119.74454    
  29.000000    	  30.000000    	  514.31641    	  157.52559    
  30.000000    	  31.000000    	  389.27736    	  123.21454    
  31.000000    	  32.000000    	  364.29469    	  128.31636    
  32.000000    	  33.000000    	  467.79315    	  150.28740    
  33.000000    	  34.000000    	  827.94778    	  384.65089    
  34.000000    	  35.000000    	  355.27323    	  120.34281    
  35.000000    	  36.000000    	  473.43645    	  171.38969    
  36.000000    	  37.000000    	  304.50982    	  127.98699    
  37.000000    	  38.000000    	  350.66187    	  144.37199    
  38.000000    	  39.000000    	  334.38463    	  126.92602    
  39.000000    	  40.000000    	  318.63986    	  121.63873    
  40.000000    	  41.000000    	  353.51946    	  149.17626    
  41.000000    	  42.000000    	  305.62205    	  119.73798    
  42.000000    	  43.000000    	  332.81252    	  143.13027    
  43.000000    	  44.000000    	  310.91988    	  139.87956    
  44.000000    	  45.000000    	  369.89939    	  187.42748    
  45.000000    	  46.000000    	  209.74502    	  96.052360    
  46.000000    	  47.000000    	  423.89921    	  182.66250    
  47.000000    	  48.000000    	  211.10908    	  101.80659    
  48.000000    	  49.000000    	  328.25730    	  146.82862    
  49.000000    	  50.000000    	  294.58501    	  171.91068    
  50.000000    	  51.000000    	  255.09660    	  180.39968    
  51.000000    	  52.000000    	  310.98516    	  156.31402    
  52.000000    	  53.000000    	  315.16154    	  159.41081    
  53.000000    	  54.000000    	  296.20019    	  121.78080    
  54.000000    	  55.000000    	  303.04547    	  137.00945    
  55.000000    	  56.000000    	  200.63793    	  120.93927    
  56.000000    	  57.000000    	  295.73936    	  209.30040    
  57.000000    	  58.000000    	  248.71024    	  177.55524    
  58.000000    	  59.000000    	  312.80088    	  181.41877    
  59.000000    	  60.000000    	  349.79905    	  252.09871    
  60.000000    	  61.000000    	  307.78903    	  217.75803    
  61.000000    	  62.000000    	  0.0000000    	  0.0000000    
  62.000000    	  63.000000    	  242.30998    	  171.49633    
  63.000000    	  64.000000    	  437.04889    	  437.04889    
  64.000000    	  65.000000    	  322.32967    	  322.32967    
  65.000000    	  66.000000    	  371.57296    	  263.09202    
  66.000000    	  67.000000    	  310.78827    	  229.55486    
  67.000000    	  68.000000    	  273.85299    	  193.79991    
  68.000000    	  69.000000    	  271.36873    	  193.36513    
  69.000000    	  70.000000    	  301.51200    	  213.91937    
  70.000000    	  71.000000    	  377.22507    	  377.22507    
  71.000000    	  72.000000    	  327.71039    	  231.75372    
  72.000000    	  73.000000    	  0.0000000    	  0.0000000    
  73.000000    	  74.000000    	  301.40493    	  301.40493    
  74.000000    	  75.000000    	  243.35632    	  140.88846    
  75.000000    	  76.000000    	  0.0000000    	  0.0000000    
  76.000000    	  77.000000    	  0.0000000    	  0.0000000    
  77.000000    	  78.000000    	  205.74870    	  145.58669    
  78.000000    	  79.000000    	  238.86266    	  120.03963    
  79.000000    	  80.000000    	  0.0000000    	  0.0000000    
  80.000000    	  81.000000    	  0.0000000    	  0.0000000    
  81.000000    	  82.000000    	  0.0000000    	  0.0000000    
  82.000000    	  83.000000    	  0.0000000    	  0.0000000    
  83.000000    	  84.000000    	  0.0000000    	  0.0000000    
  84.000000    	  85.000000    	  0.0000000    	  0.0000000    
  85.000000    	  86.000000    	  0.0000000    	  0.0000000    
  86.000000    	  87.000000    	  0.0000000    	  0.0000000    
  87.000000    	  88.000000    	  0.0000000    	  0.0000000    
  88.000000    	  89.000000    	  0.0000000    	  0.0000000    
  89.000000    	  90.000000    	  0.0000000    	  0.0000000    
  90.000000    	  91.000000    	  0.0000000    	  0.0000000    
  91.000000    	  92.000000    	  0.0000000    	  0.0000000    
  92.000000    	  93.000000    	  0.0000000    	  0.0000000    
  93.000000    	  94.000000    	  0.0000000    	  0.0000000    
  94.000000    	  95.000000    	  0.0000000    	  0.0000000    
  95.000000    	  96.000000    	  0.0000000    	  0.0000000    
  96.000000    	  97.000000    	  0.0000000    	  0.0000000    
  97.000000    	  98.000000    	  0.0000000    	  0.0000000    
  98.000000    	  99.000000    	  0.0000000    	  0.0000000    
  99.000000    	  100.00000    	  0.0000000    	  0.0000000    
