# pt34_10   
# underflow	  0.0000000    	  0.0000000    
# overflow	  2206.5347    	  33.307589    
# sum	  166769.81    	  1149.6869    
# xmin	xmax	cross	numerror
  0.0000000    	  1.0000000    	  0.0000000    	  0.0000000    
  1.0000000    	  2.0000000    	  9272.2041    	  767.03058    
  2.0000000    	  3.0000000    	  17274.761    	  432.31039    
  3.0000000    	  4.0000000    	  14899.174    	  317.32294    
  4.0000000    	  5.0000000    	  11821.929    	  274.89640    
  5.0000000    	  6.0000000    	  10564.975    	  232.48141    
  6.0000000    	  7.0000000    	  8937.4846    	  213.39508    
  7.0000000    	  8.0000000    	  7687.9855    	  170.11098    
  8.0000000    	  9.0000000    	  6620.1871    	  150.67473    
  9.0000000    	  10.000000    	  5724.7810    	  145.29978    
  10.000000    	  11.000000    	  5292.9169    	  133.96776    
  11.000000    	  12.000000    	  4474.1978    	  126.57335    
  12.000000    	  13.000000    	  4169.2570    	  111.00776    
  13.000000    	  14.000000    	  3839.7476    	  109.38771    
  14.000000    	  15.000000    	  3308.6384    	  106.36395    
  15.000000    	  16.000000    	  3196.9218    	  91.095627    
  16.000000    	  17.000000    	  2783.2870    	  98.411755    
  17.000000    	  18.000000    	  2716.8980    	  94.946977    
  18.000000    	  19.000000    	  2453.0775    	  89.337795    
  19.000000    	  20.000000    	  2110.6977    	  85.607178    
  20.000000    	  21.000000    	  1995.7653    	  77.106567    
  21.000000    	  22.000000    	  1797.7545    	  75.159360    
  22.000000    	  23.000000    	  1815.3305    	  67.750469    
  23.000000    	  24.000000    	  1673.3028    	  76.426048    
  24.000000    	  25.000000    	  1653.0842    	  63.943917    
  25.000000    	  26.000000    	  1399.1244    	  65.790564    
  26.000000    	  27.000000    	  1376.1700    	  66.189564    
  27.000000    	  28.000000    	  1256.8024    	  59.672252    
  28.000000    	  29.000000    	  1235.8200    	  56.699488    
  29.000000    	  30.000000    	  1125.5314    	  52.352047    
  30.000000    	  31.000000    	  1133.8003    	  48.875548    
  31.000000    	  32.000000    	  924.33717    	  47.715585    
  32.000000    	  33.000000    	  1001.9419    	  44.952588    
  33.000000    	  34.000000    	  842.67006    	  46.590050    
  34.000000    	  35.000000    	  955.03159    	  43.593748    
  35.000000    	  36.000000    	  764.01667    	  39.280288    
  36.000000    	  37.000000    	  754.87552    	  39.013850    
  37.000000    	  38.000000    	  701.79712    	  38.735466    
  38.000000    	  39.000000    	  707.23885    	  38.661087    
  39.000000    	  40.000000    	  638.14555    	  36.924163    
  40.000000    	  41.000000    	  637.18237    	  37.520381    
  41.000000    	  42.000000    	  640.78929    	  34.776727    
  42.000000    	  43.000000    	  554.39436    	  33.167514    
  43.000000    	  44.000000    	  499.96335    	  30.980455    
  44.000000    	  45.000000    	  513.00683    	  33.309526    
  45.000000    	  46.000000    	  517.30122    	  33.758518    
  46.000000    	  47.000000    	  477.44285    	  30.097325    
  47.000000    	  48.000000    	  446.07978    	  28.691755    
  48.000000    	  49.000000    	  409.80166    	  26.070701    
  49.000000    	  50.000000    	  429.48160    	  24.502023    
  50.000000    	  51.000000    	  358.41576    	  24.198736    
  51.000000    	  52.000000    	  386.26755    	  24.604301    
  52.000000    	  53.000000    	  342.44311    	  25.129172    
  53.000000    	  54.000000    	  317.80961    	  23.599306    
  54.000000    	  55.000000    	  355.88473    	  23.998948    
  55.000000    	  56.000000    	  317.04693    	  23.132829    
  56.000000    	  57.000000    	  272.26123    	  20.933493    
  57.000000    	  58.000000    	  327.49015    	  20.353098    
  58.000000    	  59.000000    	  266.02661    	  21.839294    
  59.000000    	  60.000000    	  300.58105    	  21.657724    
  60.000000    	  61.000000    	  270.73568    	  20.412931    
  61.000000    	  62.000000    	  218.54531    	  18.891179    
  62.000000    	  63.000000    	  241.10422    	  18.051283    
  63.000000    	  64.000000    	  211.23326    	  19.774462    
  64.000000    	  65.000000    	  255.28490    	  17.998477    
  65.000000    	  66.000000    	  184.60717    	  15.893342    
  66.000000    	  67.000000    	  203.91690    	  16.097965    
  67.000000    	  68.000000    	  166.35361    	  16.496739    
  68.000000    	  69.000000    	  226.15751    	  17.933478    
  69.000000    	  70.000000    	  175.99839    	  17.241642    
  70.000000    	  71.000000    	  177.72187    	  15.988796    
  71.000000    	  72.000000    	  154.46186    	  14.658540    
  72.000000    	  73.000000    	  141.73452    	  14.142092    
  73.000000    	  74.000000    	  155.96505    	  14.702712    
  74.000000    	  75.000000    	  191.25700    	  14.041845    
  75.000000    	  76.000000    	  135.26078    	  13.312813    
  76.000000    	  77.000000    	  127.92052    	  13.308296    
  77.000000    	  78.000000    	  128.42151    	  13.902623    
  78.000000    	  79.000000    	  140.04699    	  13.989862    
  79.000000    	  80.000000    	  87.290684    	  13.091031    
  80.000000    	  81.000000    	  138.15591    	  12.709759    
  81.000000    	  82.000000    	  116.06547    	  12.443783    
  82.000000    	  83.000000    	  115.06867    	  12.353653    
  83.000000    	  84.000000    	  96.163722    	  11.900618    
  84.000000    	  85.000000    	  66.266200    	  11.557383    
  85.000000    	  86.000000    	  110.87446    	  11.840592    
  86.000000    	  87.000000    	  89.663305    	  10.442626    
  87.000000    	  88.000000    	  94.102032    	  10.367578    
  88.000000    	  89.000000    	  104.12117    	  10.699082    
  89.000000    	  90.000000    	  87.375032    	  9.6943680    
  90.000000    	  91.000000    	  77.077449    	  9.4618548    
  91.000000    	  92.000000    	  73.326230    	  9.3973038    
  92.000000    	  93.000000    	  73.054649    	  8.5815265    
  93.000000    	  94.000000    	  69.349321    	  8.5139869    
  94.000000    	  95.000000    	  68.478319    	  8.2438315    
  95.000000    	  96.000000    	  56.070214    	  8.1234033    
  96.000000    	  97.000000    	  83.130469    	  7.8515165    
  97.000000    	  98.000000    	  65.345196    	  7.7198532    
  98.000000    	  99.000000    	  54.170547    	  7.6641386    
  99.000000    	  100.00000    	  60.068315    	  7.5331945    
