# pt34_17   
# underflow	  0.0000000    	  0.0000000    
# overflow	  0.0000000    	  0.0000000    
# sum	  113169.32    	  2505.3812    
# xmin	xmax	cross	numerror
  0.0000000    	  1.0000000    	  2193.0172    	  392.58244    
  1.0000000    	  2.0000000    	  5342.1653    	  603.62514    
  2.0000000    	  3.0000000    	  7400.2309    	  686.40632    
  3.0000000    	  4.0000000    	  7495.0108    	  673.26174    
  4.0000000    	  5.0000000    	  7097.5758    	  643.87063    
  5.0000000    	  6.0000000    	  7290.4366    	  649.93635    
  6.0000000    	  7.0000000    	  6175.0898    	  582.36134    
  7.0000000    	  8.0000000    	  5806.3194    	  573.05415    
  8.0000000    	  9.0000000    	  5007.6557    	  517.34043    
  9.0000000    	  10.000000    	  5022.8828    	  518.54348    
  10.000000    	  11.000000    	  4311.2939    	  477.98449    
  11.000000    	  12.000000    	  3931.4503    	  443.52264    
  12.000000    	  13.000000    	  3192.0460    	  393.36112    
  13.000000    	  14.000000    	  3316.0073    	  408.65190    
  14.000000    	  15.000000    	  2732.6689    	  372.03441    
  15.000000    	  16.000000    	  2661.1308    	  350.62182    
  16.000000    	  17.000000    	  2318.1810    	  335.08957    
  17.000000    	  18.000000    	  2089.0687    	  307.34319    
  18.000000    	  19.000000    	  2166.4208    	  324.53682    
  19.000000    	  20.000000    	  1799.7240    	  281.68693    
  20.000000    	  21.000000    	  1646.9261    	  276.15940    
  21.000000    	  22.000000    	  1250.1770    	  230.75500    
  22.000000    	  23.000000    	  1545.2234    	  271.41445    
  23.000000    	  24.000000    	  1632.3460    	  266.99335    
  24.000000    	  25.000000    	  926.70763    	  203.24391    
  25.000000    	  26.000000    	  1183.1118    	  240.12081    
  26.000000    	  27.000000    	  886.39649    	  187.78239    
  27.000000    	  28.000000    	  904.89436    	  204.39682    
  28.000000    	  29.000000    	  905.46302    	  190.96877    
  29.000000    	  30.000000    	  903.08670    	  209.34842    
  30.000000    	  31.000000    	  903.85364    	  234.08845    
  31.000000    	  32.000000    	  752.85929    	  176.05399    
  32.000000    	  33.000000    	  388.63395    	  120.14399    
  33.000000    	  34.000000    	  665.30801    	  166.81538    
  34.000000    	  35.000000    	  603.41711    	  166.31984    
  35.000000    	  36.000000    	  476.16405    	  125.37875    
  36.000000    	  37.000000    	  575.32737    	  157.09355    
  37.000000    	  38.000000    	  480.20182    	  145.41027    
  38.000000    	  39.000000    	  431.16765    	  167.57201    
  39.000000    	  40.000000    	  562.76511    	  165.19445    
  40.000000    	  41.000000    	  451.25988    	  142.34266    
  41.000000    	  42.000000    	  581.78527    	  167.09227    
  42.000000    	  43.000000    	  512.75821    	  173.59858    
  43.000000    	  44.000000    	  366.06315    	  126.32815    
  44.000000    	  45.000000    	  419.94188    	  164.39208    
  45.000000    	  46.000000    	  344.36570    	  142.48695    
  46.000000    	  47.000000    	  232.48894    	  96.162468    
  47.000000    	  48.000000    	  579.27656    	  170.17200    
  48.000000    	  49.000000    	  569.20052    	  206.52794    
  49.000000    	  50.000000    	  274.04089    	  161.53733    
  50.000000    	  51.000000    	  378.91050    	  200.96463    
  51.000000    	  52.000000    	  315.96331    	  126.97164    
  52.000000    	  53.000000    	  409.27002    	  153.90379    
  53.000000    	  54.000000    	  359.64518    	  155.55646    
  54.000000    	  55.000000    	  263.77338    	  122.61162    
  55.000000    	  56.000000    	  240.03847    	  115.05675    
  56.000000    	  57.000000    	  338.79903    	  180.76464    
  57.000000    	  58.000000    	  314.70864    	  121.22471    
  58.000000    	  59.000000    	  114.13891    	  85.454730    
  59.000000    	  60.000000    	  235.69297    	  133.44036    
  60.000000    	  61.000000    	  285.70243    	  146.07095    
  61.000000    	  62.000000    	  363.61172    	  216.79979    
  62.000000    	  63.000000    	  103.26588    	  59.990735    
  63.000000    	  64.000000    	  138.31302    	  97.902197    
  64.000000    	  65.000000    	  115.56248    	  62.364973    
  65.000000    	  66.000000    	  96.931653    	  71.835019    
  66.000000    	  67.000000    	  17.218849    	  13.589582    
  67.000000    	  68.000000    	  23.963056    	  22.041762    
  68.000000    	  69.000000    	  0.0000000    	  0.0000000    
  69.000000    	  70.000000    	  10.690074    	  16.244525    
  70.000000    	  71.000000    	 -12.291021    	  31.488620    
  71.000000    	  72.000000    	  111.61369    	  111.61369    
  72.000000    	  73.000000    	  29.923879    	  63.988381    
  73.000000    	  74.000000    	 -73.749653    	  53.223385    
  74.000000    	  75.000000    	  16.948061    	  16.948061    
  75.000000    	  76.000000    	 -66.274347    	  66.274347    
  76.000000    	  77.000000    	  0.0000000    	  0.0000000    
  77.000000    	  78.000000    	 -97.507501    	  97.507501    
  78.000000    	  79.000000    	 -105.24577    	  77.744214    
  79.000000    	  80.000000    	 -63.886875    	  63.886875    
  80.000000    	  81.000000    	  0.0000000    	  0.0000000    
  81.000000    	  82.000000    	  0.0000000    	  0.0000000    
  82.000000    	  83.000000    	  0.0000000    	  0.0000000    
  83.000000    	  84.000000    	  0.0000000    	  0.0000000    
  84.000000    	  85.000000    	  0.0000000    	  0.0000000    
  85.000000    	  86.000000    	  0.0000000    	  0.0000000    
  86.000000    	  87.000000    	  0.0000000    	  0.0000000    
  87.000000    	  88.000000    	  0.0000000    	  0.0000000    
  88.000000    	  89.000000    	  0.0000000    	  0.0000000    
  89.000000    	  90.000000    	  0.0000000    	  0.0000000    
  90.000000    	  91.000000    	  0.0000000    	  0.0000000    
  91.000000    	  92.000000    	  0.0000000    	  0.0000000    
  92.000000    	  93.000000    	  0.0000000    	  0.0000000    
  93.000000    	  94.000000    	  0.0000000    	  0.0000000    
  94.000000    	  95.000000    	  0.0000000    	  0.0000000    
  95.000000    	  96.000000    	  0.0000000    	  0.0000000    
  96.000000    	  97.000000    	  0.0000000    	  0.0000000    
  97.000000    	  98.000000    	  0.0000000    	  0.0000000    
  98.000000    	  99.000000    	  0.0000000    	  0.0000000    
  99.000000    	  100.00000    	  0.0000000    	  0.0000000    
