# pt34_16   
# underflow	  11.018437    	  9.8940344    
# overflow	  1209.9400    	  4.4825281    
# sum	  80148.735    	  2818.2310    
# xmin	xmax	cross	numerror
 0.10000000    	  1.0000000    	  319.14215    	  105.08717    
  1.0000000    	  2.0000000    	  1980.2886    	  311.42527    
  2.0000000    	  3.0000000    	  2821.9879    	  365.66263    
  3.0000000    	  4.0000000    	  3056.3068    	  381.49818    
  4.0000000    	  5.0000000    	  3054.5751    	  382.98786    
  5.0000000    	  6.0000000    	  3063.6370    	  383.91783    
  6.0000000    	  7.0000000    	  3020.2375    	  382.58857    
  7.0000000    	  8.0000000    	  2886.2717    	  375.49402    
  8.0000000    	  9.0000000    	  2557.1945    	  358.73071    
  9.0000000    	  10.000000    	  2389.6824    	  346.84520    
  10.000000    	  11.000000    	  2239.2295    	  335.75975    
  11.000000    	  12.000000    	  1946.5914    	  312.68954    
  12.000000    	  13.000000    	  1592.2142    	  283.27275    
  13.000000    	  14.000000    	  1733.6997    	  299.24581    
  14.000000    	  15.000000    	  1531.6063    	  280.93296    
  15.000000    	  16.000000    	  1373.4753    	  268.28046    
  16.000000    	  17.000000    	  1273.1051    	  257.60883    
  17.000000    	  18.000000    	  1293.3429    	  256.33731    
  18.000000    	  19.000000    	  1088.6741    	  243.26188    
  19.000000    	  20.000000    	  908.59220    	  214.14479    
  20.000000    	  21.000000    	  1116.9139    	  242.19997    
  21.000000    	  22.000000    	  760.41358    	  196.64400    
  22.000000    	  23.000000    	  937.83672    	  217.34709    
  23.000000    	  24.000000    	  864.98352    	  226.98219    
  24.000000    	  25.000000    	  822.35372    	  208.44744    
  25.000000    	  26.000000    	  849.45285    	  248.52126    
  26.000000    	  27.000000    	  617.33478    	  185.22094    
  27.000000    	  28.000000    	  782.61710    	  205.23903    
  28.000000    	  29.000000    	  704.36900    	  202.33266    
  29.000000    	  30.000000    	  618.32122    	  199.92170    
  30.000000    	  31.000000    	  533.80871    	  196.38357    
  31.000000    	  32.000000    	  705.56172    	  198.78896    
  32.000000    	  33.000000    	  701.23956    	  204.66294    
  33.000000    	  34.000000    	  702.16915    	  227.67832    
  34.000000    	  35.000000    	  610.21620    	  205.62208    
  35.000000    	  36.000000    	  586.73619    	  259.86452    
  36.000000    	  37.000000    	  674.27513    	  234.33089    
  37.000000    	  38.000000    	  564.73096    	  230.33215    
  38.000000    	  39.000000    	  892.67253    	  305.79757    
  39.000000    	  40.000000    	  645.17278    	  218.84363    
  40.000000    	  41.000000    	  612.93936    	  248.26715    
  41.000000    	  42.000000    	  574.67335    	  246.07993    
  42.000000    	  43.000000    	  769.73482    	  361.15978    
  43.000000    	  44.000000    	  513.60746    	  220.01563    
  44.000000    	  45.000000    	  556.49097    	  206.13688    
  45.000000    	  46.000000    	  444.94854    	  199.22761    
  46.000000    	  47.000000    	  664.77170    	  283.53956    
  47.000000    	  48.000000    	  853.77412    	  379.61580    
  48.000000    	  49.000000    	  552.44256    	  272.61869    
  49.000000    	  50.000000    	  985.51981    	  398.23988    
  50.000000    	  51.000000    	  705.63847    	  275.14403    
  51.000000    	  52.000000    	  770.35523    	  361.68349    
  52.000000    	  53.000000    	  704.86806    	  323.13272    
  53.000000    	  54.000000    	  763.24655    	  464.80865    
  54.000000    	  55.000000    	  445.55965    	  308.78552    
  55.000000    	  56.000000    	  554.76830    	  230.27598    
  56.000000    	  57.000000    	  652.72946    	  337.77397    
  57.000000    	  58.000000    	  852.39446    	  385.86534    
  58.000000    	  59.000000    	  522.78160    	  356.90976    
  59.000000    	  60.000000    	  490.51284    	  334.75600    
  60.000000    	  61.000000    	  661.68753    	  302.91479    
  61.000000    	  62.000000    	  563.94491    	  544.86120    
  62.000000    	  63.000000    	  638.33843    	  324.41469    
  63.000000    	  64.000000    	  523.32430    	  294.59023    
  64.000000    	  65.000000    	  423.24931    	  402.03458    
  65.000000    	  66.000000    	  608.67190    	  337.97501    
  66.000000    	  67.000000    	  683.53046    	  348.93864    
  67.000000    	  68.000000    	  538.58545    	  513.63991    
  68.000000    	  69.000000    	  517.04742    	  491.55856    
  69.000000    	  70.000000    	  484.38259    	  325.44162    
  70.000000    	  71.000000    	  457.26218    	  306.49746    
  71.000000    	  72.000000    	  637.30952    	  433.08529    
  72.000000    	  73.000000    	  565.66628    	  380.47820    
  73.000000    	  74.000000    	  28.513839    	  3.0651900    
  74.000000    	  75.000000    	  582.89413    	  554.27189    
  75.000000    	  76.000000    	  525.32769    	  288.73390    
  76.000000    	  77.000000    	  493.59466    	  313.45447    
  77.000000    	  78.000000    	  459.83709    	  420.97177    
  78.000000    	  79.000000    	  390.27921    	  361.32453    
  79.000000    	  80.000000    	  399.62994    	  368.36525    
  80.000000    	  81.000000    	  64.583358    	  1.2138412    
  81.000000    	  82.000000    	  60.520151    	  1.1757331    
  82.000000    	  83.000000    	  57.618531    	  1.1301026    
  83.000000    	  84.000000    	  58.355254    	  1.1196531    
  84.000000    	  85.000000    	  54.783953    	  1.0525286    
  85.000000    	  86.000000    	  53.687233    	  1.0303836    
  86.000000    	  87.000000    	  51.011001    	 0.99056200    
  87.000000    	  88.000000    	  49.731023    	 0.97500747    
  88.000000    	  89.000000    	  47.260057    	 0.94289082    
  89.000000    	  90.000000    	  46.676026    	 0.91028970    
  90.000000    	  91.000000    	  44.000531    	 0.86708052    
  91.000000    	  92.000000    	  43.435022    	 0.85246960    
  92.000000    	  93.000000    	  42.309774    	 0.83141944    
  93.000000    	  94.000000    	  40.635031    	 0.80611039    
  94.000000    	  95.000000    	  39.075009    	 0.77780203    
  95.000000    	  96.000000    	  38.384322    	 0.76623755    
  96.000000    	  97.000000    	  35.320285    	 0.71608587    
  97.000000    	  98.000000    	  35.963988    	 0.71019637    
  98.000000    	  99.000000    	  34.673567    	 0.68753567    
  99.000000    	  100.00000    	  33.884913    	 0.67484337    
