# pt34_7    
# underflow	  0.0000000    	  0.0000000    
# overflow	  25.383855    	 0.15209185    
# sum	  30736.872    	  1683.6142    
# xmin	xmax	cross	numerror
 0.10000000    	  1.0000000    	  409.69279    	  206.42585    
  1.0000000    	  2.0000000    	  984.36298    	  321.85238    
  2.0000000    	  3.0000000    	  1171.5516    	  285.68508    
  3.0000000    	  4.0000000    	  988.61624    	  254.51424    
  4.0000000    	  5.0000000    	  1354.5926    	  282.02600    
  5.0000000    	  6.0000000    	  1362.8868    	  286.99677    
  6.0000000    	  7.0000000    	  1316.4325    	  280.04439    
  7.0000000    	  8.0000000    	  1118.1970    	  258.78763    
  8.0000000    	  9.0000000    	  1181.0775    	  263.13599    
  9.0000000    	  10.000000    	  1177.7736    	  272.78528    
  10.000000    	  11.000000    	  768.81103    	  213.99286    
  11.000000    	  12.000000    	  652.71574    	  188.59395    
  12.000000    	  13.000000    	  717.25903    	  201.74144    
  13.000000    	  14.000000    	  948.23602    	  281.58530    
  14.000000    	  15.000000    	  765.87206    	  232.25018    
  15.000000    	  16.000000    	  523.00962    	  178.15326    
  16.000000    	  17.000000    	  534.94684    	  176.36835    
  17.000000    	  18.000000    	  430.90678    	  149.82147    
  18.000000    	  19.000000    	  475.65113    	  175.22564    
  19.000000    	  20.000000    	  467.00799    	  148.44260    
  20.000000    	  21.000000    	  530.89583    	  230.71907    
  21.000000    	  22.000000    	  423.38106    	  176.59462    
  22.000000    	  23.000000    	  453.12926    	  153.87208    
  23.000000    	  24.000000    	  465.12982    	  158.41172    
  24.000000    	  25.000000    	  329.42233    	  159.72086    
  25.000000    	  26.000000    	  506.74121    	  194.38424    
  26.000000    	  27.000000    	  545.47375    	  315.46262    
  27.000000    	  28.000000    	  537.36163    	  260.16739    
  28.000000    	  29.000000    	  436.45187    	  160.57963    
  29.000000    	  30.000000    	  384.91584    	  173.10473    
  30.000000    	  31.000000    	  406.27566    	  203.94256    
  31.000000    	  32.000000    	  509.09763    	  228.95496    
  32.000000    	  33.000000    	  411.20359    	  234.85067    
  33.000000    	  34.000000    	  174.15243    	  165.72038    
  34.000000    	  35.000000    	  371.08771    	  181.59389    
  35.000000    	  36.000000    	  531.43641    	  268.38397    
  36.000000    	  37.000000    	  277.82932    	  134.25530    
  37.000000    	  38.000000    	  392.10470    	  379.83994    
  38.000000    	  39.000000    	  380.48214    	  187.84315    
  39.000000    	  40.000000    	  355.02610    	  202.41325    
  40.000000    	  41.000000    	  377.22623    	  210.52252    
  41.000000    	  42.000000    	  417.63524    	  239.42495    
  42.000000    	  43.000000    	  239.19255    	  223.87367    
  43.000000    	  44.000000    	  342.28735    	  197.04605    
  44.000000    	  45.000000    	  120.91446    	  62.820949    
  45.000000    	  46.000000    	  286.26275    	  162.11217    
  46.000000    	  47.000000    	  317.19232    	  302.15132    
  47.000000    	  48.000000    	  227.74492    	  212.23324    
  48.000000    	  49.000000    	  282.25107    	  187.17876    
  49.000000    	  50.000000    	  16.600747    	  1.2553537    
  50.000000    	  51.000000    	  16.749877    	  1.1362650    
  51.000000    	  52.000000    	  338.16683    	  321.23576    
  52.000000    	  53.000000    	  257.29822    	  241.02733    
  53.000000    	  54.000000    	  348.75710    	  237.73027    
  54.000000    	  55.000000    	  17.369542    	 0.79025065    
  55.000000    	  56.000000    	  195.92452    	  108.42540    
  56.000000    	  57.000000    	  222.90073    	  201.44438    
  57.000000    	  58.000000    	  19.537122    	 0.49540153    
  58.000000    	  59.000000    	  255.09445    	  236.28899    
  59.000000    	  60.000000    	  134.26150    	  114.33336    
  60.000000    	  61.000000    	  17.445317    	 0.45046673    
  61.000000    	  62.000000    	  17.503822    	 0.40354243    
  62.000000    	  63.000000    	  17.102282    	 0.38889822    
  63.000000    	  64.000000    	  115.29026    	  99.202926    
  64.000000    	  65.000000    	  16.494246    	 0.38499694    
  65.000000    	  66.000000    	  133.39887    	  116.57582    
  66.000000    	  67.000000    	  16.486460    	 0.58920393    
  67.000000    	  68.000000    	  16.886327    	 0.66281706    
  68.000000    	  69.000000    	  6.5677919    	  12.917686    
  69.000000    	  70.000000    	  17.649847    	 0.84753959    
  70.000000    	  71.000000    	  11.774985    	  4.1059929    
  71.000000    	  72.000000    	  16.051621    	 0.85271067    
  72.000000    	  73.000000    	  16.604268    	 0.96703909    
  73.000000    	  74.000000    	 -20.250987    	  35.953310    
  74.000000    	  75.000000    	  15.125732    	 0.94227843    
  75.000000    	  76.000000    	  15.003994    	  1.0237093    
  76.000000    	  77.000000    	  15.158115    	  1.1279082    
  77.000000    	  78.000000    	 -29.077763    	  43.551777    
  78.000000    	  79.000000    	  15.404647    	  1.2875946    
  79.000000    	  80.000000    	  15.088145    	  1.2264825    
  80.000000    	  81.000000    	  5.1485589    	 0.17771159    
  81.000000    	  82.000000    	  4.9818466    	 0.17310326    
  82.000000    	  83.000000    	  4.7557666    	 0.16817064    
  83.000000    	  84.000000    	  4.1360428    	 0.15468535    
  84.000000    	  85.000000    	  3.8965830    	 0.14590926    
  85.000000    	  86.000000    	  3.7797384    	 0.13655884    
  86.000000    	  87.000000    	  3.5730005    	 0.12748332    
  87.000000    	  88.000000    	  3.4157486    	 0.12049177    
  88.000000    	  89.000000    	  3.2952413    	 0.11933358    
  89.000000    	  90.000000    	  2.9548905    	 0.11372477    
  90.000000    	  91.000000    	  2.8250640    	 0.10725890    
  91.000000    	  92.000000    	  2.6933874    	 0.99894306E-01
  92.000000    	  93.000000    	  2.5541706    	 0.91393102E-01
  93.000000    	  94.000000    	  2.2680554    	 0.87944265E-01
  94.000000    	  95.000000    	  2.2342385    	 0.83087433E-01
  95.000000    	  96.000000    	  2.0976445    	 0.76993628E-01
  96.000000    	  97.000000    	  1.8548208    	 0.72569495E-01
  97.000000    	  98.000000    	  1.8850594    	 0.70172874E-01
  98.000000    	  99.000000    	  1.3209985    	 0.58809031E-01
  99.000000    	  100.00000    	  1.5440246    	 0.62774963E-01
