# pt34_29   
# underflow	 -65665.686    	  2083.1211    
# overflow	  1192.1101    	  16.262471    
# sum	  70932.822    	  3062.3829    
# xmin	xmax	cross	numerror
 0.10000000    	  1.0000000    	  40484.887    	  1966.3696    
  1.0000000    	  2.0000000    	  12133.020    	  679.54431    
  2.0000000    	  3.0000000    	  10077.094    	  450.91703    
  3.0000000    	  4.0000000    	  7972.1949    	  308.56481    
  4.0000000    	  5.0000000    	  6499.3221    	  249.89130    
  5.0000000    	  6.0000000    	  5654.6433    	  194.04403    
  6.0000000    	  7.0000000    	  4646.3737    	  179.55456    
  7.0000000    	  8.0000000    	  4208.8817    	  175.53842    
  8.0000000    	  9.0000000    	  3147.1905    	  164.32277    
  9.0000000    	  10.000000    	  3302.2618    	  144.97189    
  10.000000    	  11.000000    	  2631.4205    	  128.65522    
  11.000000    	  12.000000    	  2422.4063    	  125.13523    
  12.000000    	  13.000000    	  2200.3908    	  121.98112    
  13.000000    	  14.000000    	  1979.9890    	  104.21852    
  14.000000    	  15.000000    	  2000.7884    	  103.82923    
  15.000000    	  16.000000    	  1418.1521    	  95.915188    
  16.000000    	  17.000000    	  1610.3616    	  101.26039    
  17.000000    	  18.000000    	  1374.0179    	  99.853666    
  18.000000    	  19.000000    	  1210.6283    	  91.303560    
  19.000000    	  20.000000    	  1033.9194    	  93.078553    
  20.000000    	  21.000000    	  1009.6078    	  73.413813    
  21.000000    	  22.000000    	  1125.8237    	  76.799370    
  22.000000    	  23.000000    	  810.33388    	  75.842896    
  23.000000    	  24.000000    	  826.43554    	  73.094567    
  24.000000    	  25.000000    	  935.67479    	  65.842185    
  25.000000    	  26.000000    	  634.71887    	  58.826126    
  26.000000    	  27.000000    	  783.99207    	  55.373459    
  27.000000    	  28.000000    	  697.39372    	  54.352243    
  28.000000    	  29.000000    	  530.15833    	  52.568647    
  29.000000    	  30.000000    	  634.02446    	  49.128317    
  30.000000    	  31.000000    	  422.21932    	  60.514033    
  31.000000    	  32.000000    	  533.47147    	  46.995550    
  32.000000    	  33.000000    	  428.12551    	  43.883292    
  33.000000    	  34.000000    	  569.67231    	  46.626558    
  34.000000    	  35.000000    	  454.90124    	  48.302425    
  35.000000    	  36.000000    	  407.05608    	  39.772896    
  36.000000    	  37.000000    	  385.01282    	  38.020063    
  37.000000    	  38.000000    	  381.01913    	  44.670425    
  38.000000    	  39.000000    	  317.79977    	  40.426096    
  39.000000    	  40.000000    	  402.10555    	  41.878237    
  40.000000    	  41.000000    	  353.15943    	  42.265888    
  41.000000    	  42.000000    	  352.94917    	  38.476220    
  42.000000    	  43.000000    	  219.17680    	  36.868966    
  43.000000    	  44.000000    	  285.73552    	  36.751626    
  44.000000    	  45.000000    	  241.62211    	  34.786927    
  45.000000    	  46.000000    	  237.03492    	  30.318783    
  46.000000    	  47.000000    	  255.63820    	  29.269966    
  47.000000    	  48.000000    	  284.35859    	  27.272064    
  48.000000    	  49.000000    	  191.20390    	  27.314475    
  49.000000    	  50.000000    	  218.69646    	  27.480152    
  50.000000    	  51.000000    	  230.57335    	  30.766575    
  51.000000    	  52.000000    	  166.32539    	  27.743865    
  52.000000    	  53.000000    	  171.73851    	  24.751942    
  53.000000    	  54.000000    	  210.20915    	  24.116096    
  54.000000    	  55.000000    	  140.34669    	  24.913794    
  55.000000    	  56.000000    	  139.69902    	  25.113642    
  56.000000    	  57.000000    	  167.17367    	  19.342228    
  57.000000    	  58.000000    	  129.95260    	  19.413689    
  58.000000    	  59.000000    	  202.70856    	  20.114652    
  59.000000    	  60.000000    	  143.50542    	  20.163571    
  60.000000    	  61.000000    	  133.41578    	  19.959481    
  61.000000    	  62.000000    	  114.91850    	  17.434035    
  62.000000    	  63.000000    	  111.74881    	  18.232659    
  63.000000    	  64.000000    	  132.90332    	  18.342065    
  64.000000    	  65.000000    	  119.45117    	  17.810863    
  65.000000    	  66.000000    	  99.663798    	  17.296177    
  66.000000    	  67.000000    	  86.980075    	  18.518646    
  67.000000    	  68.000000    	  107.93238    	  17.607275    
  68.000000    	  69.000000    	  116.43669    	  16.162713    
  69.000000    	  70.000000    	  90.692529    	  13.940695    
  70.000000    	  71.000000    	  99.543959    	  15.701933    
  71.000000    	  72.000000    	  90.672050    	  15.587625    
  72.000000    	  73.000000    	  79.161952    	  14.349321    
  73.000000    	  74.000000    	  58.876971    	  11.515193    
  74.000000    	  75.000000    	  74.765630    	  11.010886    
  75.000000    	  76.000000    	  93.666208    	  13.174159    
  76.000000    	  77.000000    	  51.246930    	  12.379185    
  77.000000    	  78.000000    	  77.293810    	  11.159666    
  78.000000    	  79.000000    	  72.938951    	  11.855071    
  79.000000    	  80.000000    	  60.883957    	  9.9610522    
  80.000000    	  81.000000    	  64.867146    	  10.448667    
  81.000000    	  82.000000    	  54.139811    	  9.0195789    
  82.000000    	  83.000000    	  57.729097    	  8.9529452    
  83.000000    	  84.000000    	  44.955835    	  9.6941038    
  84.000000    	  85.000000    	  58.432432    	  9.6890791    
  85.000000    	  86.000000    	  51.444059    	  9.1376819    
  86.000000    	  87.000000    	  39.189262    	  10.161963    
  87.000000    	  88.000000    	  47.266184    	  8.8639591    
  88.000000    	  89.000000    	  57.353020    	  8.4184092    
  89.000000    	  90.000000    	  48.797076    	  8.6227070    
  90.000000    	  91.000000    	  41.561511    	  7.3859376    
  91.000000    	  92.000000    	  38.337964    	  7.9530224    
  92.000000    	  93.000000    	  33.724471    	  8.2086767    
  93.000000    	  94.000000    	  51.505980    	  8.5721192    
  94.000000    	  95.000000    	  28.094501    	  6.3106856    
  95.000000    	  96.000000    	  35.963494    	  8.1296913    
  96.000000    	  97.000000    	  37.095568    	  9.8873582    
  97.000000    	  98.000000    	  31.306125    	  8.6428681    
  98.000000    	  99.000000    	  35.696358    	  8.4921896    
  99.000000    	  100.00000    	  36.447959    	  6.1750275    
