# pt34_15   
# underflow	  0.0000000    	  0.0000000    
# overflow	  0.0000000    	  0.0000000    
# sum	 -123455.17    	  900.75007    
# xmin	xmax	cross	numerror
  0.0000000    	  1.0000000    	  0.0000000    	  0.0000000    
  1.0000000    	  2.0000000    	 -13291.022    	  326.97693    
  2.0000000    	  3.0000000    	 -14628.356    	  325.00972    
  3.0000000    	  4.0000000    	 -11996.587    	  287.10331    
  4.0000000    	  5.0000000    	 -9728.6428    	  255.08802    
  5.0000000    	  6.0000000    	 -8134.1862    	  231.30949    
  6.0000000    	  7.0000000    	 -6671.7295    	  208.33639    
  7.0000000    	  8.0000000    	 -5879.2537    	  194.32407    
  8.0000000    	  9.0000000    	 -5030.1820    	  178.97693    
  9.0000000    	  10.000000    	 -4447.2461    	  168.03689    
  10.000000    	  11.000000    	 -3709.1457    	  152.52524    
  11.000000    	  12.000000    	 -3337.9282    	  144.47204    
  12.000000    	  13.000000    	 -3109.1033    	  138.75460    
  13.000000    	  14.000000    	 -2814.0209    	  132.16178    
  14.000000    	  15.000000    	 -2465.9080    	  122.90180    
  15.000000    	  16.000000    	 -2176.2931    	  115.20612    
  16.000000    	  17.000000    	 -2003.5899    	  110.28825    
  17.000000    	  18.000000    	 -1841.4522    	  105.81080    
  18.000000    	  19.000000    	 -1625.0916    	  98.513447    
  19.000000    	  20.000000    	 -1629.7425    	  98.980899    
  20.000000    	  21.000000    	 -1410.3914    	  91.162590    
  21.000000    	  22.000000    	 -1350.2341    	  89.511011    
  22.000000    	  23.000000    	 -1227.1096    	  85.166514    
  23.000000    	  24.000000    	 -1153.0495    	  82.242244    
  24.000000    	  25.000000    	 -1004.2731    	  76.285293    
  25.000000    	  26.000000    	 -936.69362    	  74.293960    
  26.000000    	  27.000000    	 -862.90004    	  70.665125    
  27.000000    	  28.000000    	 -817.28391    	  67.963891    
  28.000000    	  29.000000    	 -710.30245    	  63.098613    
  29.000000    	  30.000000    	 -691.18999    	  63.583659    
  30.000000    	  31.000000    	 -651.57852    	  60.307994    
  31.000000    	  32.000000    	 -542.85322    	  54.835395    
  32.000000    	  33.000000    	 -564.89480    	  56.688727    
  33.000000    	  34.000000    	 -473.77997    	  50.402547    
  34.000000    	  35.000000    	 -500.03617    	  53.165775    
  35.000000    	  36.000000    	 -476.49504    	  50.530308    
  36.000000    	  37.000000    	 -412.57216    	  48.377253    
  37.000000    	  38.000000    	 -406.46361    	  45.510697    
  38.000000    	  39.000000    	 -198.43679    	  32.561135    
  39.000000    	  40.000000    	 -354.21998    	  43.646833    
  40.000000    	  41.000000    	 -354.18332    	  41.589023    
  41.000000    	  42.000000    	 -250.27738    	  36.544456    
  42.000000    	  43.000000    	 -280.13700    	  42.517485    
  43.000000    	  44.000000    	 -296.74326    	  37.413411    
  44.000000    	  45.000000    	 -228.77602    	  34.926249    
  45.000000    	  46.000000    	 -133.11799    	  25.013393    
  46.000000    	  47.000000    	 -231.18680    	  33.190383    
  47.000000    	  48.000000    	 -221.28719    	  32.370600    
  48.000000    	  49.000000    	 -214.05136    	  32.900301    
  49.000000    	  50.000000    	 -135.55242    	  25.380323    
  50.000000    	  51.000000    	 -175.70614    	  27.950204    
  51.000000    	  52.000000    	 -156.19570    	  25.594301    
  52.000000    	  53.000000    	 -140.16687    	  25.992330    
  53.000000    	  54.000000    	 -151.99640    	  26.718066    
  54.000000    	  55.000000    	 -124.40320    	  23.200907    
  55.000000    	  56.000000    	 -67.630178    	  16.313778    
  56.000000    	  57.000000    	 -119.80812    	  22.837414    
  57.000000    	  58.000000    	 -102.72692    	  21.733650    
  58.000000    	  59.000000    	 -78.907612    	  19.313760    
  59.000000    	  60.000000    	 -97.652139    	  20.349824    
  60.000000    	  61.000000    	 -63.187507    	  16.561763    
  61.000000    	  62.000000    	 -65.619418    	  15.900370    
  62.000000    	  63.000000    	 -53.279779    	  13.079064    
  63.000000    	  64.000000    	 -71.072822    	  16.517328    
  64.000000    	  65.000000    	 -51.744298    	  11.866921    
  65.000000    	  66.000000    	 -39.887600    	  10.339160    
  66.000000    	  67.000000    	 -77.184305    	  22.176915    
  67.000000    	  68.000000    	 -48.937601    	  15.530001    
  68.000000    	  69.000000    	 -35.981211    	  11.140265    
  69.000000    	  70.000000    	 -40.529361    	  11.683102    
  70.000000    	  71.000000    	 -14.920405    	  7.2217493    
  71.000000    	  72.000000    	 -18.309097    	  5.9327951    
  72.000000    	  73.000000    	 -17.979195    	  6.4522376    
  73.000000    	  74.000000    	 -13.234471    	  5.1793542    
  74.000000    	  75.000000    	 -11.390894    	  4.2080840    
  75.000000    	  76.000000    	 -8.7003686    	  3.0493328    
  76.000000    	  77.000000    	-0.14769860    	 0.93298585    
  77.000000    	  78.000000    	 0.15373093    	 0.44884832    
  78.000000    	  79.000000    	 0.23015118E-01	 0.22705886E-01
  79.000000    	  80.000000    	  1.4997684    	  1.1214128    
  80.000000    	  81.000000    	  0.0000000    	  0.0000000    
  81.000000    	  82.000000    	  0.0000000    	  0.0000000    
  82.000000    	  83.000000    	  0.0000000    	  0.0000000    
  83.000000    	  84.000000    	  0.0000000    	  0.0000000    
  84.000000    	  85.000000    	  0.0000000    	  0.0000000    
  85.000000    	  86.000000    	  0.0000000    	  0.0000000    
  86.000000    	  87.000000    	  0.0000000    	  0.0000000    
  87.000000    	  88.000000    	  0.0000000    	  0.0000000    
  88.000000    	  89.000000    	  0.0000000    	  0.0000000    
  89.000000    	  90.000000    	  0.0000000    	  0.0000000    
  90.000000    	  91.000000    	  0.0000000    	  0.0000000    
  91.000000    	  92.000000    	  0.0000000    	  0.0000000    
  92.000000    	  93.000000    	  0.0000000    	  0.0000000    
  93.000000    	  94.000000    	  0.0000000    	  0.0000000    
  94.000000    	  95.000000    	  0.0000000    	  0.0000000    
  95.000000    	  96.000000    	  0.0000000    	  0.0000000    
  96.000000    	  97.000000    	  0.0000000    	  0.0000000    
  97.000000    	  98.000000    	  0.0000000    	  0.0000000    
  98.000000    	  99.000000    	  0.0000000    	  0.0000000    
  99.000000    	  100.00000    	  0.0000000    	  0.0000000    
