# pt34_9    
# underflow	  0.0000000    	  0.0000000    
# overflow	  2461.6493    	  37.133332    
# sum	  148775.31    	  3710.0725    
# xmin	xmax	cross	numerror
  0.0000000    	  1.0000000    	  1249.5443    	  223.92295    
  1.0000000    	  2.0000000    	  3561.0712    	  902.74416    
  2.0000000    	  3.0000000    	  6574.5545    	  729.17989    
  3.0000000    	  4.0000000    	  5875.7032    	  673.29609    
  4.0000000    	  5.0000000    	  6035.2591    	  653.31603    
  5.0000000    	  6.0000000    	  6460.6472    	  639.00174    
  6.0000000    	  7.0000000    	  5805.4989    	  616.08490    
  7.0000000    	  8.0000000    	  6131.8561    	  608.74008    
  8.0000000    	  9.0000000    	  4441.0327    	  546.08055    
  9.0000000    	  10.000000    	  4828.5521    	  544.94748    
  10.000000    	  11.000000    	  4353.4413    	  520.78411    
  11.000000    	  12.000000    	  4026.8972    	  499.37825    
  12.000000    	  13.000000    	  3551.3270    	  478.55647    
  13.000000    	  14.000000    	  3846.6728    	  470.17200    
  14.000000    	  15.000000    	  3151.2416    	  441.91973    
  15.000000    	  16.000000    	  3189.6701    	  438.04656    
  16.000000    	  17.000000    	  2828.8472    	  416.12536    
  17.000000    	  18.000000    	  2263.2871    	  372.90800    
  18.000000    	  19.000000    	  1869.4072    	  356.09389    
  19.000000    	  20.000000    	  2411.6707    	  364.65834    
  20.000000    	  21.000000    	  2231.7695    	  366.54085    
  21.000000    	  22.000000    	  1362.9636    	  286.22520    
  22.000000    	  23.000000    	  1279.4560    	  305.13404    
  23.000000    	  24.000000    	  1634.4669    	  310.86592    
  24.000000    	  25.000000    	  1627.9600    	  312.02139    
  25.000000    	  26.000000    	  1177.6838    	  275.91133    
  26.000000    	  27.000000    	  1089.8918    	  241.87825    
  27.000000    	  28.000000    	  2033.8058    	  381.97067    
  28.000000    	  29.000000    	  1230.0709    	  290.53130    
  29.000000    	  30.000000    	  1524.5583    	  296.52080    
  30.000000    	  31.000000    	  874.39077    	  293.02539    
  31.000000    	  32.000000    	  1022.1979    	  258.70102    
  32.000000    	  33.000000    	  1132.9259    	  258.50589    
  33.000000    	  34.000000    	  988.87832    	  240.74026    
  34.000000    	  35.000000    	  1177.7134    	  249.31878    
  35.000000    	  36.000000    	  840.05322    	  230.64298    
  36.000000    	  37.000000    	  1023.5658    	  239.00232    
  37.000000    	  38.000000    	  789.21846    	  254.98826    
  38.000000    	  39.000000    	  998.90853    	  286.89359    
  39.000000    	  40.000000    	  965.47824    	  247.37327    
  40.000000    	  41.000000    	  1018.5768    	  317.85305    
  41.000000    	  42.000000    	  663.60992    	  215.79511    
  42.000000    	  43.000000    	  1406.8590    	  504.43770    
  43.000000    	  44.000000    	  1301.0000    	  358.60495    
  44.000000    	  45.000000    	  1097.9251    	  289.64063    
  45.000000    	  46.000000    	  666.55080    	  220.91555    
  46.000000    	  47.000000    	  1403.1572    	  408.60171    
  47.000000    	  48.000000    	  1914.5419    	  531.90987    
  48.000000    	  49.000000    	  1151.5127    	  334.04033    
  49.000000    	  50.000000    	  1466.9523    	  419.67540    
  50.000000    	  51.000000    	  810.61029    	  260.33664    
  51.000000    	  52.000000    	  790.98319    	  287.04666    
  52.000000    	  53.000000    	  1762.6205    	  459.75869    
  53.000000    	  54.000000    	  1293.1080    	  474.83151    
  54.000000    	  55.000000    	  533.99691    	  298.82292    
  55.000000    	  56.000000    	  805.35792    	  278.29481    
  56.000000    	  57.000000    	  832.23573    	  310.44523    
  57.000000    	  58.000000    	  997.92553    	  403.69965    
  58.000000    	  59.000000    	  767.65934    	  347.60927    
  59.000000    	  60.000000    	  808.32813    	  349.85079    
  60.000000    	  61.000000    	  1401.8724    	  514.78921    
  61.000000    	  62.000000    	  1128.1850    	  710.91889    
  62.000000    	  63.000000    	  1509.2486    	  589.60574    
  63.000000    	  64.000000    	  759.50557    	  359.01657    
  64.000000    	  65.000000    	  411.39785    	  368.44225    
  65.000000    	  66.000000    	  930.27529    	  358.35499    
  66.000000    	  67.000000    	  1375.9731    	  590.96351    
  67.000000    	  68.000000    	  690.19241    	  414.45496    
  68.000000    	  69.000000    	  503.96750    	  278.72349    
  69.000000    	  70.000000    	  468.04000    	  250.23074    
  70.000000    	  71.000000    	  559.18915    	  219.79862    
  71.000000    	  72.000000    	  641.26656    	  344.76911    
  72.000000    	  73.000000    	  1174.5320    	  550.80044    
  73.000000    	  74.000000    	  622.94705    	  389.88002    
  74.000000    	  75.000000    	  618.99456    	  553.58387    
  75.000000    	  76.000000    	  744.93437    	  290.04357    
  76.000000    	  77.000000    	  503.63498    	  262.75990    
  77.000000    	  78.000000    	  661.28614    	  351.86064    
  78.000000    	  79.000000    	  444.43111    	  259.72104    
  79.000000    	  80.000000    	  441.46553    	  287.52574    
  80.000000    	  81.000000    	  122.90645    	  12.729737    
  81.000000    	  82.000000    	  115.52479    	  12.708208    
  82.000000    	  83.000000    	  108.06933    	  11.882594    
  83.000000    	  84.000000    	  108.91365    	  13.324643    
  84.000000    	  85.000000    	  82.285237    	  13.450503    
  85.000000    	  86.000000    	  103.58283    	  11.518088    
  86.000000    	  87.000000    	  108.88960    	  11.813296    
  87.000000    	  88.000000    	  98.728232    	  11.924510    
  88.000000    	  89.000000    	  90.179628    	  10.595044    
  89.000000    	  90.000000    	  106.99337    	  9.8403948    
  90.000000    	  91.000000    	  68.924996    	  10.975888    
  91.000000    	  92.000000    	  75.531486    	  9.6618524    
  92.000000    	  93.000000    	  84.417092    	  8.8992358    
  93.000000    	  94.000000    	  80.236008    	  9.0771122    
  94.000000    	  95.000000    	  91.870307    	  8.8572663    
  95.000000    	  96.000000    	  64.464216    	  8.5014685    
  96.000000    	  97.000000    	  55.819584    	  8.1213635    
  97.000000    	  98.000000    	  68.621407    	  7.3823348    
  98.000000    	  99.000000    	  62.981726    	  7.7913781    
  99.000000    	  100.00000    	  67.732142    	  7.7041128    
