# pt34_42   
# underflow	  0.0000000    	  0.0000000    
# overflow	  0.0000000    	  0.0000000    
# sum	  279.89603    	  29.815955    
# xmin	xmax	cross	numerror
 0.10000000    	  1.0000000    	  4.7384808    	  4.7384808    
  1.0000000    	  2.0000000    	  75.663181    	  6.7798501    
  2.0000000    	  3.0000000    	  45.005070    	  8.0205603    
  3.0000000    	  4.0000000    	  24.282452    	  1.6368576    
  4.0000000    	  5.0000000    	  17.880224    	  1.3686069    
  5.0000000    	  6.0000000    	  12.073948    	  1.1422638    
  6.0000000    	  7.0000000    	  8.2039953    	  1.8302476    
  7.0000000    	  8.0000000    	  6.7122894    	 0.50609933    
  8.0000000    	  9.0000000    	  6.1865305    	 0.80471899    
  9.0000000    	  10.000000    	  15.369419    	  8.8075285    
  10.000000    	  11.000000    	  3.5354889    	 0.43796988    
  11.000000    	  12.000000    	  3.2388255    	 0.90691361    
  12.000000    	  13.000000    	  3.5643357    	 0.97021825    
  13.000000    	  14.000000    	  9.5521426    	  4.5467486    
  14.000000    	  15.000000    	 0.76408995    	 0.77119990    
  15.000000    	  16.000000    	 0.69109306    	  1.1963134    
  16.000000    	  17.000000    	  1.4352965    	 0.35591763    
  17.000000    	  18.000000    	  1.6127379    	 0.76379829    
  18.000000    	  19.000000    	 0.71366253    	 0.13285438    
  19.000000    	  20.000000    	  7.2978521    	  4.7439778    
  20.000000    	  21.000000    	 0.53435348    	 0.85797557E-01
  21.000000    	  22.000000    	 0.47369131    	  2.0167853    
  22.000000    	  23.000000    	 0.58713885    	 0.24961882    
  23.000000    	  24.000000    	 0.52173191    	 0.16994350    
  24.000000    	  25.000000    	  1.8739515    	  1.6663891    
  25.000000    	  26.000000    	 0.17499159    	 0.47319614E-01
  26.000000    	  27.000000    	 0.73515877    	 0.61257628    
  27.000000    	  28.000000    	 0.14108058    	 0.35639183E-01
  28.000000    	  29.000000    	  1.4082896    	  1.2284556    
  29.000000    	  30.000000    	  24.778364    	  24.705490    
  30.000000    	  31.000000    	 0.73873636E-01	 0.13266011E-01
  31.000000    	  32.000000    	 0.43503201E-01	 0.11967123E-01
  32.000000    	  33.000000    	-0.14691928E-02	 0.44104995E-01
  33.000000    	  34.000000    	 0.81637280    	  1.1346865    
  34.000000    	  35.000000    	-0.19935501    	 0.24383708    
  35.000000    	  36.000000    	 0.29935851E-01	 0.63916646E-02
  36.000000    	  37.000000    	-0.10005114    	 0.12298147    
  37.000000    	  38.000000    	-0.28141737    	 0.30247898    
  38.000000    	  39.000000    	 0.11929131E-01	 0.37595638E-02
  39.000000    	  40.000000    	 0.61964302E-02	 0.23375590E-02
  40.000000    	  41.000000    	 0.73671772E-02	 0.27788023E-02
  41.000000    	  42.000000    	 0.42273206E-02	 0.81864782E-03
  42.000000    	  43.000000    	-0.10777725    	 0.11216500    
  43.000000    	  44.000000    	-0.18270127E-01	 0.15974876E-01
  44.000000    	  45.000000    	 0.58990039E-02	 0.31895525E-02
  45.000000    	  46.000000    	 0.11333907E-02	 0.75071972E-03
  46.000000    	  47.000000    	-0.22081115E-01	 0.22660786E-01
  47.000000    	  48.000000    	-0.97449525E-01	 0.98254018E-01
  48.000000    	  49.000000    	-0.24645666E-01	 0.24765506E-01
  49.000000    	  50.000000    	-0.25280495E-02	 0.31465883E-02
  50.000000    	  51.000000    	 0.13552757E-03	 0.16979653E-03
  51.000000    	  52.000000    	 0.11278233E-03	 0.77232364E-04
  52.000000    	  53.000000    	 0.28638962E-03	 0.10195216E-03
  53.000000    	  54.000000    	 0.15528102E-03	 0.76986325E-04
  54.000000    	  55.000000    	 0.34244272E-04	 0.89303356E-04
  55.000000    	  56.000000    	-0.32281758E-05	 0.46589937E-05
  56.000000    	  57.000000    	 0.10091655E-04	 0.96189635E-05
  57.000000    	  58.000000    	-0.99520201E-05	 0.92570819E-05
  58.000000    	  59.000000    	-0.27983347E-05	 0.19157599E-05
  59.000000    	  60.000000    	-0.17058735E-06	 0.62889907E-06
  60.000000    	  61.000000    	-0.27427156E-05	 0.15718647E-05
  61.000000    	  62.000000    	-0.23053287E-05	 0.10074480E-04
  62.000000    	  63.000000    	 0.33986166E-06	 0.26586553E-06
  63.000000    	  64.000000    	 0.31889267E-04	 0.18791601E-04
  64.000000    	  65.000000    	 0.52312021E-06	 0.72434421E-06
  65.000000    	  66.000000    	 0.20604235E-06	 0.17489450E-06
  66.000000    	  67.000000    	 0.84463653E-05	 0.62179816E-05
  67.000000    	  68.000000    	 0.26911685E-04	 0.28862723E-04
  68.000000    	  69.000000    	-0.11995019E-06	 0.64440110E-06
  69.000000    	  70.000000    	-0.13157056E-04	 0.10043301E-04
  70.000000    	  71.000000    	-0.38842052E-05	 0.12298475E-04
  71.000000    	  72.000000    	-0.23459398E-06	 0.23000420E-06
  72.000000    	  73.000000    	 0.10268183E-04	 0.96324686E-05
  73.000000    	  74.000000    	-0.12679501E-05	 0.12014489E-05
  74.000000    	  75.000000    	-0.35226416E-05	 0.27914541E-05
  75.000000    	  76.000000    	-0.74164371E-05	 0.72072789E-05
  76.000000    	  77.000000    	-0.53241763E-05	 0.38543280E-05
  77.000000    	  78.000000    	-0.88631549E-09	 0.85734747E-09
  78.000000    	  79.000000    	 0.76836845E-05	 0.70276510E-05
  79.000000    	  80.000000    	 0.63935695E-05	 0.68419782E-05
  80.000000    	  81.000000    	 0.99077012E-09	 0.10241531E-08
  81.000000    	  82.000000    	-0.46142258E-05	 0.38790814E-05
  82.000000    	  83.000000    	 0.40423732E-09	 0.40434038E-09
  83.000000    	  84.000000    	-0.16508627E-10	 0.15603375E-10
  84.000000    	  85.000000    	  0.0000000    	  0.0000000    
  85.000000    	  86.000000    	  0.0000000    	  0.0000000    
  86.000000    	  87.000000    	-0.62643814E-07	 0.63373323E-07
  87.000000    	  88.000000    	 0.25061414E-10	 0.25061414E-10
  88.000000    	  89.000000    	  0.0000000    	  0.0000000    
  89.000000    	  90.000000    	  0.0000000    	  0.0000000    
  90.000000    	  91.000000    	  0.0000000    	  0.0000000    
  91.000000    	  92.000000    	  0.0000000    	  0.0000000    
  92.000000    	  93.000000    	  0.0000000    	  0.0000000    
  93.000000    	  94.000000    	  0.0000000    	  0.0000000    
  94.000000    	  95.000000    	  0.0000000    	  0.0000000    
  95.000000    	  96.000000    	  0.0000000    	  0.0000000    
  96.000000    	  97.000000    	  0.0000000    	  0.0000000    
  97.000000    	  98.000000    	  0.0000000    	  0.0000000    
  98.000000    	  99.000000    	  0.0000000    	  0.0000000    
  99.000000    	  100.00000    	  0.0000000    	  0.0000000    
