# pt34_14   
# underflow	  14.669144    	  8.8444853    
# overflow	  0.0000000    	  0.0000000    
# sum	  69461.037    	  2112.6070    
# xmin	xmax	cross	numerror
 0.10000000    	  1.0000000    	  543.53019    	  140.89546    
  1.0000000    	  2.0000000    	  1741.4388    	  253.60317    
  2.0000000    	  3.0000000    	  2641.4146    	  316.01192    
  3.0000000    	  4.0000000    	  3366.7129    	  357.85999    
  4.0000000    	  5.0000000    	  3344.4161    	  353.48585    
  5.0000000    	  6.0000000    	  2953.1307    	  333.33751    
  6.0000000    	  7.0000000    	  2564.9599    	  310.25953    
  7.0000000    	  8.0000000    	  2813.7736    	  327.98344    
  8.0000000    	  9.0000000    	  2234.5062    	  293.61087    
  9.0000000    	  10.000000    	  2199.4330    	  288.83944    
  10.000000    	  11.000000    	  2112.1138    	  285.02524    
  11.000000    	  12.000000    	  2064.5362    	  281.98438    
  12.000000    	  13.000000    	  1615.2736    	  249.40452    
  13.000000    	  14.000000    	  1788.4860    	  262.53910    
  14.000000    	  15.000000    	  1712.3832    	  256.04989    
  15.000000    	  16.000000    	  1348.3498    	  228.92004    
  16.000000    	  17.000000    	  1299.1240    	  222.86989    
  17.000000    	  18.000000    	  1186.0674    	  210.71998    
  18.000000    	  19.000000    	  1028.1856    	  198.75826    
  19.000000    	  20.000000    	  1118.7131    	  207.85525    
  20.000000    	  21.000000    	  829.24851    	  175.57138    
  21.000000    	  22.000000    	  907.99767    	  204.55164    
  22.000000    	  23.000000    	  815.82547    	  176.02350    
  23.000000    	  24.000000    	  686.44300    	  160.59751    
  24.000000    	  25.000000    	  691.72950    	  170.16313    
  25.000000    	  26.000000    	  699.94621    	  168.19456    
  26.000000    	  27.000000    	  782.41616    	  181.24836    
  27.000000    	  28.000000    	  505.91038    	  134.40157    
  28.000000    	  29.000000    	  600.13292    	  164.14033    
  29.000000    	  30.000000    	  547.65509    	  169.81932    
  30.000000    	  31.000000    	  632.26036    	  172.17743    
  31.000000    	  32.000000    	  659.24065    	  171.30841    
  32.000000    	  33.000000    	  493.90179    	  145.55580    
  33.000000    	  34.000000    	  591.78556    	  173.28005    
  34.000000    	  35.000000    	  516.01694    	  143.60583    
  35.000000    	  36.000000    	  466.09671    	  162.72684    
  36.000000    	  37.000000    	  612.12243    	  177.14009    
  37.000000    	  38.000000    	  491.93363    	  148.04600    
  38.000000    	  39.000000    	  662.72296    	  225.71405    
  39.000000    	  40.000000    	  518.24631    	  181.32444    
  40.000000    	  41.000000    	  757.66231    	  239.96648    
  41.000000    	  42.000000    	  480.47901    	  163.37901    
  42.000000    	  43.000000    	  482.30528    	  155.28128    
  43.000000    	  44.000000    	  598.05072    	  260.95993    
  44.000000    	  45.000000    	  423.48636    	  151.33458    
  45.000000    	  46.000000    	  455.57151    	  188.29219    
  46.000000    	  47.000000    	  568.12721    	  207.82160    
  47.000000    	  48.000000    	  496.17258    	  190.23801    
  48.000000    	  49.000000    	  419.49423    	  189.50975    
  49.000000    	  50.000000    	  366.58323    	  145.23555    
  50.000000    	  51.000000    	  478.42285    	  189.49403    
  51.000000    	  52.000000    	  398.09474    	  164.99554    
  52.000000    	  53.000000    	  485.55723    	  264.44316    
  53.000000    	  54.000000    	  432.13824    	  165.55659    
  54.000000    	  55.000000    	  468.43071    	  234.84910    
  55.000000    	  56.000000    	  374.33268    	  222.66388    
  56.000000    	  57.000000    	  423.15472    	  247.16093    
  57.000000    	  58.000000    	  483.55513    	  229.09122    
  58.000000    	  59.000000    	  391.82934    	  162.47887    
  59.000000    	  60.000000    	  505.00426    	  319.08733    
  60.000000    	  61.000000    	  453.16164    	  206.91266    
  61.000000    	  62.000000    	  495.46500    	  350.60583    
  62.000000    	  63.000000    	  451.06754    	  226.13249    
  63.000000    	  64.000000    	  452.46339    	  214.74813    
  64.000000    	  65.000000    	  402.15852    	  286.95383    
  65.000000    	  66.000000    	  489.46967    	  283.18483    
  66.000000    	  67.000000    	  398.96487    	  283.47534    
  67.000000    	  68.000000    	  435.60845    	  218.86620    
  68.000000    	  69.000000    	  389.93387    	  226.73761    
  69.000000    	  70.000000    	  396.64969    	  280.66061    
  70.000000    	  71.000000    	  384.74717    	  272.14702    
  71.000000    	  72.000000    	  431.31225    	  308.05498    
  72.000000    	  73.000000    	  0.0000000    	  0.0000000    
  73.000000    	  74.000000    	  468.09650    	  468.09650    
  74.000000    	  75.000000    	  356.89983    	  252.42436    
  75.000000    	  76.000000    	  378.76354    	  378.76354    
  76.000000    	  77.000000    	  411.74331    	  291.24204    
  77.000000    	  78.000000    	  425.41687    	  253.37922    
  78.000000    	  79.000000    	  347.81248    	  245.94056    
  79.000000    	  80.000000    	  0.0000000    	  0.0000000    
  80.000000    	  81.000000    	  0.0000000    	  0.0000000    
  81.000000    	  82.000000    	  0.0000000    	  0.0000000    
  82.000000    	  83.000000    	  0.0000000    	  0.0000000    
  83.000000    	  84.000000    	  0.0000000    	  0.0000000    
  84.000000    	  85.000000    	  0.0000000    	  0.0000000    
  85.000000    	  86.000000    	  0.0000000    	  0.0000000    
  86.000000    	  87.000000    	  0.0000000    	  0.0000000    
  87.000000    	  88.000000    	  0.0000000    	  0.0000000    
  88.000000    	  89.000000    	  0.0000000    	  0.0000000    
  89.000000    	  90.000000    	  0.0000000    	  0.0000000    
  90.000000    	  91.000000    	  0.0000000    	  0.0000000    
  91.000000    	  92.000000    	  0.0000000    	  0.0000000    
  92.000000    	  93.000000    	  0.0000000    	  0.0000000    
  93.000000    	  94.000000    	  0.0000000    	  0.0000000    
  94.000000    	  95.000000    	  0.0000000    	  0.0000000    
  95.000000    	  96.000000    	  0.0000000    	  0.0000000    
  96.000000    	  97.000000    	  0.0000000    	  0.0000000    
  97.000000    	  98.000000    	  0.0000000    	  0.0000000    
  98.000000    	  99.000000    	  0.0000000    	  0.0000000    
  99.000000    	  100.00000    	  0.0000000    	  0.0000000    
