# pt34_fine
# underflow	  229.21776    	  34.023250    
# overflow	  0.0000000    	  0.0000000    
# sum	  1900983.2    	  8464.3403    
# xmin	xmax	cross	numerror
 0.10000000    	  1.0000000    	  24918.451    	  1021.5948    
  1.0000000    	  2.0000000    	  67325.124    	  1619.6157    
  2.0000000    	  3.0000000    	  92200.524    	  1854.9494    
  3.0000000    	  4.0000000    	  101610.70    	  1934.8992    
  4.0000000    	  5.0000000    	  101818.55    	  1932.9714    
  5.0000000    	  6.0000000    	  97885.538    	  1894.1838    
  6.0000000    	  7.0000000    	  91748.403    	  1830.8613    
  7.0000000    	  8.0000000    	  85778.674    	  1786.3746    
  8.0000000    	  9.0000000    	  79158.484    	  1709.2658    
  9.0000000    	  10.000000    	  73484.426    	  1650.1010    
  10.000000    	  11.000000    	  67890.421    	  1595.1767    
  11.000000    	  12.000000    	  62501.091    	  1522.2503    
  12.000000    	  13.000000    	  58433.128    	  1476.9787    
  13.000000    	  14.000000    	  53628.302    	  1424.0954    
  14.000000    	  15.000000    	  50516.178    	  1377.3301    
  15.000000    	  16.000000    	  46413.876    	  1321.1872    
  16.000000    	  17.000000    	  43578.913    	  1282.9804    
  17.000000    	  18.000000    	  40754.391    	  1241.2924    
  18.000000    	  19.000000    	  38078.162    	  1198.7304    
  19.000000    	  20.000000    	  35119.561    	  1147.1035    
  20.000000    	  21.000000    	  33558.931    	  1128.4888    
  21.000000    	  22.000000    	  31161.223    	  1085.7654    
  22.000000    	  23.000000    	  29276.431    	  1059.0649    
  23.000000    	  24.000000    	  27219.316    	  1018.3124    
  24.000000    	  25.000000    	  25783.411    	  993.17135    
  25.000000    	  26.000000    	  24392.146    	  964.48653    
  26.000000    	  27.000000    	  22725.282    	  932.78085    
  27.000000    	  28.000000    	  21825.794    	  917.34359    
  28.000000    	  29.000000    	  20657.870    	  887.76874    
  29.000000    	  30.000000    	  19404.832    	  862.34106    
  30.000000    	  31.000000    	  18188.040    	  835.67664    
  31.000000    	  32.000000    	  17122.513    	  813.81452    
  32.000000    	  33.000000    	  16352.386    	  791.11504    
  33.000000    	  34.000000    	  15476.136    	  764.71674    
  34.000000    	  35.000000    	  14767.131    	  753.07538    
  35.000000    	  36.000000    	  13994.329    	  729.31190    
  36.000000    	  37.000000    	  13267.296    	  698.35713    
  37.000000    	  38.000000    	  12515.367    	  699.02323    
  38.000000    	  39.000000    	  11837.284    	  675.92184    
  39.000000    	  40.000000    	  11306.305    	  660.58510    
  40.000000    	  41.000000    	  10888.271    	  647.95637    
  41.000000    	  42.000000    	  10114.522    	  615.95570    
  42.000000    	  43.000000    	  9712.4327    	  613.34143    
  43.000000    	  44.000000    	  9194.7575    	  586.56208    
  44.000000    	  45.000000    	  8863.5346    	  590.32294    
  45.000000    	  46.000000    	  8414.1647    	  566.01386    
  46.000000    	  47.000000    	  7792.9526    	  549.05815    
  47.000000    	  48.000000    	  7503.3275    	  538.85285    
  48.000000    	  49.000000    	  7314.3015    	  527.01986    
  49.000000    	  50.000000    	  6831.8432    	  524.45594    
  50.000000    	  51.000000    	  6616.1928    	  501.55395    
  51.000000    	  52.000000    	  6058.6741    	  478.99173    
  52.000000    	  53.000000    	  5671.1029    	  478.12026    
  53.000000    	  54.000000    	  5741.6002    	  471.60908    
  54.000000    	  55.000000    	  5345.1564    	  445.16995    
  55.000000    	  56.000000    	  5101.3924    	  461.16904    
  56.000000    	  57.000000    	  4697.4951    	  434.43974    
  57.000000    	  58.000000    	  4671.8103    	  421.06696    
  58.000000    	  59.000000    	  4354.9246    	  403.27108    
  59.000000    	  60.000000    	  4226.6527    	  433.75264    
  60.000000    	  61.000000    	  4057.1292    	  408.85285    
  61.000000    	  62.000000    	  3700.6494    	  380.07250    
  62.000000    	  63.000000    	  3505.7176    	  361.98177    
  63.000000    	  64.000000    	  3429.1323    	  361.44080    
  64.000000    	  65.000000    	  3002.5109    	  363.21073    
  65.000000    	  66.000000    	  3190.1760    	  368.85906    
  66.000000    	  67.000000    	  2916.7414    	  346.63679    
  67.000000    	  68.000000    	  2507.7910    	  311.07539    
  68.000000    	  69.000000    	  2832.1473    	  322.23368    
  69.000000    	  70.000000    	  2171.5633    	  272.38623    
  70.000000    	  71.000000    	  2384.1080    	  334.59361    
  71.000000    	  72.000000    	  2079.9634    	  315.03063    
  72.000000    	  73.000000    	  1553.7646    	  262.88126    
  73.000000    	  74.000000    	  1773.8433    	  281.90241    
  74.000000    	  75.000000    	  1699.6143    	  264.45158    
  75.000000    	  76.000000    	  1659.0018    	  255.27164    
  76.000000    	  77.000000    	  1583.3144    	  241.47792    
  77.000000    	  78.000000    	  1439.6433    	  227.73673    
  78.000000    	  79.000000    	  1234.2696    	  203.72119    
  79.000000    	  80.000000    	  1242.8791    	  201.68964    
  80.000000    	  81.000000    	  0.0000000    	  0.0000000    
  81.000000    	  82.000000    	  0.0000000    	  0.0000000    
  82.000000    	  83.000000    	  0.0000000    	  0.0000000    
  83.000000    	  84.000000    	  0.0000000    	  0.0000000    
  84.000000    	  85.000000    	  0.0000000    	  0.0000000    
  85.000000    	  86.000000    	  0.0000000    	  0.0000000    
  86.000000    	  87.000000    	  0.0000000    	  0.0000000    
  87.000000    	  88.000000    	  0.0000000    	  0.0000000    
  88.000000    	  89.000000    	  0.0000000    	  0.0000000    
  89.000000    	  90.000000    	  0.0000000    	  0.0000000    
  90.000000    	  91.000000    	  0.0000000    	  0.0000000    
  91.000000    	  92.000000    	  0.0000000    	  0.0000000    
  92.000000    	  93.000000    	  0.0000000    	  0.0000000    
  93.000000    	  94.000000    	  0.0000000    	  0.0000000    
  94.000000    	  95.000000    	  0.0000000    	  0.0000000    
  95.000000    	  96.000000    	  0.0000000    	  0.0000000    
  96.000000    	  97.000000    	  0.0000000    	  0.0000000    
  97.000000    	  98.000000    	  0.0000000    	  0.0000000    
  98.000000    	  99.000000    	  0.0000000    	  0.0000000    
  99.000000    	  100.00000    	  0.0000000    	  0.0000000    
