# pt34_15   
# underflow	  0.0000000    	  0.0000000    
# overflow	  1114.2293    	  23.551457    
# sum	  177763.89    	  2635.7752    
# xmin	xmax	cross	numerror
 0.10000000    	  1.0000000    	  297.12917    	  112.05142    
  1.0000000    	  2.0000000    	  18251.169    	  641.83831    
  2.0000000    	  3.0000000    	  16938.686    	  519.81207    
  3.0000000    	  4.0000000    	  13947.342    	  463.83796    
  4.0000000    	  5.0000000    	  11361.863    	  444.80322    
  5.0000000    	  6.0000000    	  9015.1021    	  419.65559    
  6.0000000    	  7.0000000    	  8484.5170    	  415.54914    
  7.0000000    	  8.0000000    	  7229.4908    	  388.86117    
  8.0000000    	  9.0000000    	  5653.9320    	  339.29885    
  9.0000000    	  10.000000    	  5742.3280    	  369.18554    
  10.000000    	  11.000000    	  4707.9246    	  337.41370    
  11.000000    	  12.000000    	  4262.1723    	  314.08175    
  12.000000    	  13.000000    	  3765.9608    	  304.93198    
  13.000000    	  14.000000    	  3398.2047    	  290.95470    
  14.000000    	  15.000000    	  3288.5666    	  280.87299    
  15.000000    	  16.000000    	  3269.8344    	  301.91509    
  16.000000    	  17.000000    	  2480.1086    	  248.58462    
  17.000000    	  18.000000    	  2522.2158    	  248.71905    
  18.000000    	  19.000000    	  2071.3232    	  210.39683    
  19.000000    	  20.000000    	  2139.9391    	  236.22204    
  20.000000    	  21.000000    	  1990.1940    	  231.66966    
  21.000000    	  22.000000    	  1928.8008    	  237.69211    
  22.000000    	  23.000000    	  1602.4557    	  216.15630    
  23.000000    	  24.000000    	  1683.7732    	  215.43076    
  24.000000    	  25.000000    	  1386.3610    	  192.59358    
  25.000000    	  26.000000    	  1530.8506    	  211.66097    
  26.000000    	  27.000000    	  1298.8115    	  182.22234    
  27.000000    	  28.000000    	  1188.9079    	  193.48634    
  28.000000    	  29.000000    	  1218.2436    	  192.58657    
  29.000000    	  30.000000    	  1161.5571    	  205.90446    
  30.000000    	  31.000000    	  1233.8631    	  214.25835    
  31.000000    	  32.000000    	  1049.0780    	  178.76171    
  32.000000    	  33.000000    	  870.28277    	  153.41483    
  33.000000    	  34.000000    	  881.77624    	  153.83023    
  34.000000    	  35.000000    	  892.92190    	  171.91645    
  35.000000    	  36.000000    	  892.73823    	  181.49999    
  36.000000    	  37.000000    	  922.34103    	  184.68540    
  37.000000    	  38.000000    	  792.41799    	  200.15863    
  38.000000    	  39.000000    	  879.48185    	  187.88556    
  39.000000    	  40.000000    	  722.77212    	  227.80870    
  40.000000    	  41.000000    	  870.99932    	  238.07366    
  41.000000    	  42.000000    	  778.02844    	  185.85526    
  42.000000    	  43.000000    	  744.97908    	  180.09921    
  43.000000    	  44.000000    	  865.92118    	  249.62950    
  44.000000    	  45.000000    	  830.22373    	  219.57641    
  45.000000    	  46.000000    	  750.84291    	  232.81057    
  46.000000    	  47.000000    	  672.97574    	  233.65038    
  47.000000    	  48.000000    	  695.22505    	  255.98943    
  48.000000    	  49.000000    	  698.30642    	  209.28329    
  49.000000    	  50.000000    	  688.41611    	  219.34036    
  50.000000    	  51.000000    	  660.07794    	  252.22073    
  51.000000    	  52.000000    	  534.16319    	  186.76905    
  52.000000    	  53.000000    	  622.91915    	  268.01089    
  53.000000    	  54.000000    	  852.48270    	  421.48156    
  54.000000    	  55.000000    	  659.25091    	  228.23288    
  55.000000    	  56.000000    	  616.51829    	  272.59610    
  56.000000    	  57.000000    	  686.50608    	  565.88957    
  57.000000    	  58.000000    	  624.60380    	  221.69548    
  58.000000    	  59.000000    	  629.63814    	  251.21494    
  59.000000    	  60.000000    	  569.35236    	  339.29760    
  60.000000    	  61.000000    	  567.09599    	  348.61669    
  61.000000    	  62.000000    	  626.88189    	  236.26451    
  62.000000    	  63.000000    	  359.56008    	  208.01857    
  63.000000    	  64.000000    	  526.30607    	  434.06196    
  64.000000    	  65.000000    	  552.29728    	  278.26808    
  65.000000    	  66.000000    	  64.490719    	  16.431620    
  66.000000    	  67.000000    	  570.59824    	  353.22570    
  67.000000    	  68.000000    	  599.58927    	  535.05385    
  68.000000    	  69.000000    	  498.14770    	  297.95341    
  69.000000    	  70.000000    	  506.41547    	  318.64550    
  70.000000    	  71.000000    	  536.51180    	  346.22536    
  71.000000    	  72.000000    	  285.44781    	  212.54176    
  72.000000    	  73.000000    	  636.57570    	  413.92275    
  73.000000    	  74.000000    	  517.07455    	  332.30080    
  74.000000    	  75.000000    	  65.999456    	  13.563078    
  75.000000    	  76.000000    	  502.63556    	  476.98386    
  76.000000    	  77.000000    	  230.37651    	  183.93114    
  77.000000    	  78.000000    	  361.48830    	  241.58909    
  78.000000    	  79.000000    	  431.55525    	  271.92003    
  79.000000    	  80.000000    	  407.83532    	  259.60158    
  80.000000    	  81.000000    	  42.127928    	  9.4545629    
  81.000000    	  82.000000    	  68.192994    	  8.8695097    
  82.000000    	  83.000000    	  32.792168    	  7.3197265    
  83.000000    	  84.000000    	  47.787258    	  7.9392665    
  84.000000    	  85.000000    	  41.640388    	  7.3317046    
  85.000000    	  86.000000    	  45.884132    	  7.1435599    
  86.000000    	  87.000000    	  53.982739    	  6.9183351    
  87.000000    	  88.000000    	  44.165778    	  6.9368505    
  88.000000    	  89.000000    	  33.690198    	  7.2833639    
  89.000000    	  90.000000    	  34.528915    	  7.4006391    
  90.000000    	  91.000000    	  46.844915    	  7.1396290    
  91.000000    	  92.000000    	  37.589238    	  6.1938465    
  92.000000    	  93.000000    	  33.988036    	  5.3934944    
  93.000000    	  94.000000    	  37.566688    	  6.1019527    
  94.000000    	  95.000000    	  31.397102    	  6.0912284    
  95.000000    	  96.000000    	  38.356751    	  5.8254981    
  96.000000    	  97.000000    	  34.003197    	  5.7330987    
  97.000000    	  98.000000    	  27.689800    	  5.2760105    
  98.000000    	  99.000000    	  36.132956    	  5.1992165    
  99.000000    	  100.00000    	  27.549887    	  4.8664207    
