# pt34_24   
# underflow	  47.092166    	  27.410217    
# overflow	  0.0000000    	  0.0000000    
# sum	  53672.008    	  1912.1063    
# xmin	xmax	cross	numerror
 0.10000000    	  1.0000000    	  216.70859    	  74.056938    
  1.0000000    	  2.0000000    	  1480.1389    	  212.85672    
  2.0000000    	  3.0000000    	  1884.0019    	  239.02195    
  3.0000000    	  4.0000000    	  2223.6542    	  262.85400    
  4.0000000    	  5.0000000    	  2235.0164    	  266.74649    
  5.0000000    	  6.0000000    	  2255.5390    	  268.71184    
  6.0000000    	  7.0000000    	  1922.9157    	  249.51915    
  7.0000000    	  8.0000000    	  1870.8063    	  248.45334    
  8.0000000    	  9.0000000    	  1873.7704    	  250.65811    
  9.0000000    	  10.000000    	  1568.3979    	  229.26130    
  10.000000    	  11.000000    	  1556.7276    	  229.33329    
  11.000000    	  12.000000    	  1443.9857    	  221.26549    
  12.000000    	  13.000000    	  1227.6311    	  205.36387    
  13.000000    	  14.000000    	  1271.0462    	  208.67787    
  14.000000    	  15.000000    	  1269.6721    	  208.76541    
  15.000000    	  16.000000    	  994.86002    	  183.49421    
  16.000000    	  17.000000    	  1172.6146    	  203.61134    
  17.000000    	  18.000000    	  599.47200    	  141.58717    
  18.000000    	  19.000000    	  1041.5621    	  190.31849    
  19.000000    	  20.000000    	  977.55011    	  183.48084    
  20.000000    	  21.000000    	  638.29321    	  147.14314    
  21.000000    	  22.000000    	  653.15533    	  150.63711    
  22.000000    	  23.000000    	  669.42882    	  152.72268    
  23.000000    	  24.000000    	  602.49554    	  146.29134    
  24.000000    	  25.000000    	  535.41252    	  136.24670    
  25.000000    	  26.000000    	  485.43228    	  130.70091    
  26.000000    	  27.000000    	  485.56396    	  138.73585    
  27.000000    	  28.000000    	  524.93915    	  136.66959    
  28.000000    	  29.000000    	  461.40439    	  127.53198    
  29.000000    	  30.000000    	  428.59529    	  130.28036    
  30.000000    	  31.000000    	  517.59520    	  139.29437    
  31.000000    	  32.000000    	  421.59363    	  144.92127    
  32.000000    	  33.000000    	  465.00845    	  135.82840    
  33.000000    	  34.000000    	  537.58723    	  164.89284    
  34.000000    	  35.000000    	  433.52347    	  138.59242    
  35.000000    	  36.000000    	  531.54233    	  192.95337    
  36.000000    	  37.000000    	  549.03282    	  162.77647    
  37.000000    	  38.000000    	  519.68971    	  194.96008    
  38.000000    	  39.000000    	  432.53468    	  138.75285    
  39.000000    	  40.000000    	  401.20639    	  133.35636    
  40.000000    	  41.000000    	  422.91098    	  148.24915    
  41.000000    	  42.000000    	  353.46326    	  122.26458    
  42.000000    	  43.000000    	  379.28640    	  162.36777    
  43.000000    	  44.000000    	  333.34365    	  136.55193    
  44.000000    	  45.000000    	  393.06428    	  141.08885    
  45.000000    	  46.000000    	  318.75679    	  132.14055    
  46.000000    	  47.000000    	  425.28170    	  159.63981    
  47.000000    	  48.000000    	  415.02668    	  193.19664    
  48.000000    	  49.000000    	  395.33253    	  186.80946    
  49.000000    	  50.000000    	  404.06600    	  158.33261    
  50.000000    	  51.000000    	  506.75937    	  188.08948    
  51.000000    	  52.000000    	  440.84703    	  233.58007    
  52.000000    	  53.000000    	  450.27544    	  209.84171    
  53.000000    	  54.000000    	  339.08060    	  138.94114    
  54.000000    	  55.000000    	  455.22928    	  204.55991    
  55.000000    	  56.000000    	  402.70790    	  284.78056    
  56.000000    	  57.000000    	  375.82559    	  265.88109    
  57.000000    	  58.000000    	  299.78409    	  136.74864    
  58.000000    	  59.000000    	  328.68024    	  328.68024    
  59.000000    	  60.000000    	  379.72618    	  191.19156    
  60.000000    	  61.000000    	  365.99444    	  258.79762    
  61.000000    	  62.000000    	  366.96005    	  164.19835    
  62.000000    	  63.000000    	  361.40694    	  170.95875    
  63.000000    	  64.000000    	  265.63423    	  138.44227    
  64.000000    	  65.000000    	  422.81470    	  299.02946    
  65.000000    	  66.000000    	  473.45820    	  473.45820    
  66.000000    	  67.000000    	  107.72827    	  70.850931    
  67.000000    	  68.000000    	  366.91876    	  212.52048    
  68.000000    	  69.000000    	  349.43888    	  247.11659    
  69.000000    	  70.000000    	  310.10027    	  179.76225    
  70.000000    	  71.000000    	  415.19203    	  415.19203    
  71.000000    	  72.000000    	  321.54974    	  321.54974    
  72.000000    	  73.000000    	  400.15279    	  400.15279    
  73.000000    	  74.000000    	  404.92324    	  404.92324    
  74.000000    	  75.000000    	  112.37620    	  92.790868    
  75.000000    	  76.000000    	  311.11503    	  311.11503    
  76.000000    	  77.000000    	  300.60469    	  212.56019    
  77.000000    	  78.000000    	  328.01667    	  328.01667    
  78.000000    	  79.000000    	  238.76543    	  169.58446    
  79.000000    	  80.000000    	  202.21191    	  145.83217    
  80.000000    	  81.000000    	  0.0000000    	  0.0000000    
  81.000000    	  82.000000    	  0.0000000    	  0.0000000    
  82.000000    	  83.000000    	  0.0000000    	  0.0000000    
  83.000000    	  84.000000    	  0.0000000    	  0.0000000    
  84.000000    	  85.000000    	  0.0000000    	  0.0000000    
  85.000000    	  86.000000    	  0.0000000    	  0.0000000    
  86.000000    	  87.000000    	  0.0000000    	  0.0000000    
  87.000000    	  88.000000    	  0.0000000    	  0.0000000    
  88.000000    	  89.000000    	  0.0000000    	  0.0000000    
  89.000000    	  90.000000    	  0.0000000    	  0.0000000    
  90.000000    	  91.000000    	  0.0000000    	  0.0000000    
  91.000000    	  92.000000    	  0.0000000    	  0.0000000    
  92.000000    	  93.000000    	  0.0000000    	  0.0000000    
  93.000000    	  94.000000    	  0.0000000    	  0.0000000    
  94.000000    	  95.000000    	  0.0000000    	  0.0000000    
  95.000000    	  96.000000    	  0.0000000    	  0.0000000    
  96.000000    	  97.000000    	  0.0000000    	  0.0000000    
  97.000000    	  98.000000    	  0.0000000    	  0.0000000    
  98.000000    	  99.000000    	  0.0000000    	  0.0000000    
  99.000000    	  100.00000    	  0.0000000    	  0.0000000    
