# pt34_39   
# underflow	  0.0000000    	  0.0000000    
# overflow	  3.8829851    	 0.30064407E-01
# sum	  20841.702    	  1676.6902    
# xmin	xmax	cross	numerror
 0.10000000    	  1.0000000    	  784.01698    	  494.07737    
  1.0000000    	  2.0000000    	  908.09591    	  320.32770    
  2.0000000    	  3.0000000    	  1104.7471    	  338.06788    
  3.0000000    	  4.0000000    	  913.80956    	  249.82077    
  4.0000000    	  5.0000000    	  667.41159    	  231.51062    
  5.0000000    	  6.0000000    	  1314.2324    	  335.39581    
  6.0000000    	  7.0000000    	  546.25098    	  178.29639    
  7.0000000    	  8.0000000    	  690.99558    	  213.60451    
  8.0000000    	  9.0000000    	  569.88370    	  176.43730    
  9.0000000    	  10.000000    	  674.14686    	  247.64541    
  10.000000    	  11.000000    	  319.95503    	  126.60599    
  11.000000    	  12.000000    	  452.27613    	  176.77990    
  12.000000    	  13.000000    	  283.33298    	  128.65072    
  13.000000    	  14.000000    	  482.15688    	  213.25073    
  14.000000    	  15.000000    	  608.81358    	  242.88468    
  15.000000    	  16.000000    	  512.51378    	  234.87266    
  16.000000    	  17.000000    	  257.54079    	  115.11991    
  17.000000    	  18.000000    	  380.26446    	  166.26223    
  18.000000    	  19.000000    	  441.87359    	  210.19785    
  19.000000    	  20.000000    	  291.23325    	  137.59014    
  20.000000    	  21.000000    	  502.18281    	  258.72577    
  21.000000    	  22.000000    	  352.78196    	  137.09964    
  22.000000    	  23.000000    	  440.83386    	  435.56243    
  23.000000    	  24.000000    	  403.11290    	  201.30895    
  24.000000    	  25.000000    	  360.04272    	  254.66408    
  25.000000    	  26.000000    	  385.49706    	  177.01830    
  26.000000    	  27.000000    	  290.45323    	  166.11640    
  27.000000    	  28.000000    	  422.03247    	  296.15869    
  28.000000    	  29.000000    	  375.79932    	  215.76751    
  29.000000    	  30.000000    	  257.20926    	  250.19979    
  30.000000    	  31.000000    	  539.43558    	  532.69840    
  31.000000    	  32.000000    	  272.27633    	  163.55227    
  32.000000    	  33.000000    	  269.51854    	  160.26862    
  33.000000    	  34.000000    	  334.67335    	  232.07605    
  34.000000    	  35.000000    	  299.75241    	  207.76122    
  35.000000    	  36.000000    	  393.42456    	  278.73633    
  36.000000    	  37.000000    	  330.19299    	  228.71908    
  37.000000    	  38.000000    	  234.14748    	  224.81395    
  38.000000    	  39.000000    	  452.99143    	  219.84604    
  39.000000    	  40.000000    	  190.64483    	  108.21399    
  40.000000    	  41.000000    	  10.384093    	  1.3189744    
  41.000000    	  42.000000    	  276.26345    	  266.85204    
  42.000000    	  43.000000    	  10.268616    	  1.1187429    
  43.000000    	  44.000000    	  273.46667    	  262.08576    
  44.000000    	  45.000000    	  10.486332    	 0.94665637    
  45.000000    	  46.000000    	  10.269796    	 0.87386842    
  46.000000    	  47.000000    	  133.22366    	  92.084485    
  47.000000    	  48.000000    	  11.362434    	 0.65500754    
  48.000000    	  49.000000    	  10.981620    	 0.60680422    
  49.000000    	  50.000000    	  10.791072    	 0.52403340    
  50.000000    	  51.000000    	  201.90188    	  148.51551    
  51.000000    	  52.000000    	  127.21829    	  115.20631    
  52.000000    	  53.000000    	  221.04888    	  149.09520    
  53.000000    	  54.000000    	  11.137835    	 0.25494306    
  54.000000    	  55.000000    	  278.83106    	  268.30074    
  55.000000    	  56.000000    	  10.338332    	 0.27536059    
  56.000000    	  57.000000    	  10.163590    	 0.29019063    
  57.000000    	  58.000000    	  8.5532653    	 0.22724625    
  58.000000    	  59.000000    	  10.119658    	 0.36298975    
  59.000000    	  60.000000    	  35.880823    	  26.487824    
  60.000000    	  61.000000    	  9.5970790    	 0.45857940    
  61.000000    	  62.000000    	  10.008405    	 0.54139911    
  62.000000    	  63.000000    	  10.127956    	 0.59527732    
  63.000000    	  64.000000    	  9.6311957    	 0.63888363    
  64.000000    	  65.000000    	  9.3176940    	 0.58766394    
  65.000000    	  66.000000    	 -38.538821    	  46.903365    
  66.000000    	  67.000000    	  8.0335950    	 0.85866642    
  67.000000    	  68.000000    	 -55.004872    	  63.359000    
  68.000000    	  69.000000    	  8.0687876    	 0.90128052    
  69.000000    	  70.000000    	  7.6377532    	 0.87450765    
  70.000000    	  71.000000    	 -43.749986    	  52.144481    
  71.000000    	  72.000000    	  9.0770211    	  1.1052049    
  72.000000    	  73.000000    	  8.7919802    	  1.1375482    
  73.000000    	  74.000000    	  8.5569475    	  1.0911058    
  74.000000    	  75.000000    	 -157.18770    	  162.51564    
  75.000000    	  76.000000    	  6.1969595    	 0.87183527    
  76.000000    	  77.000000    	  7.7071370    	  1.1000283    
  77.000000    	  78.000000    	  8.0314402    	  1.1025076    
  78.000000    	  79.000000    	  6.7746336    	  1.1489646    
  79.000000    	  80.000000    	  6.4349127    	 0.94964134    
  80.000000    	  81.000000    	  1.3900959    	 0.57620001E-01
  81.000000    	  82.000000    	  1.4385122    	 0.52466669E-01
  82.000000    	  83.000000    	  1.1686688    	 0.48151944E-01
  83.000000    	  84.000000    	  1.0968281    	 0.44002995E-01
  84.000000    	  85.000000    	  1.0636884    	 0.43450303E-01
  85.000000    	  86.000000    	  1.0149866    	 0.41292417E-01
  86.000000    	  87.000000    	 0.88536275    	 0.37527381E-01
  87.000000    	  88.000000    	 0.83222677    	 0.34777983E-01
  88.000000    	  89.000000    	 0.76398520    	 0.32691324E-01
  89.000000    	  90.000000    	 0.72498539    	 0.29543274E-01
  90.000000    	  91.000000    	 0.67054372    	 0.29008666E-01
  91.000000    	  92.000000    	 0.59203276    	 0.27421967E-01
  92.000000    	  93.000000    	 0.54842368    	 0.25678368E-01
  93.000000    	  94.000000    	 0.52828370    	 0.23500142E-01
  94.000000    	  95.000000    	 0.45873864    	 0.19901330E-01
  95.000000    	  96.000000    	 0.45336294    	 0.20142901E-01
  96.000000    	  97.000000    	 0.42337777    	 0.17889614E-01
  97.000000    	  98.000000    	 0.35270325    	 0.16872543E-01
  98.000000    	  99.000000    	 0.34485657    	 0.15586105E-01
  99.000000    	  100.00000    	 0.30947390    	 0.14570999E-01
