# pt34_6    
# underflow	  0.0000000    	  0.0000000    
# overflow	  0.0000000    	  0.0000000    
# sum	 -177046.40    	  1076.9775    
# xmin	xmax	cross	numerror
  0.0000000    	  1.0000000    	  0.0000000    	  0.0000000    
  1.0000000    	  2.0000000    	 -7103.7815    	  223.28999    
  2.0000000    	  3.0000000    	 -17109.732    	  313.48336    
  3.0000000    	  4.0000000    	 -15782.300    	  309.93587    
  4.0000000    	  5.0000000    	 -13416.377    	  289.32273    
  5.0000000    	  6.0000000    	 -11472.851    	  269.73224    
  6.0000000    	  7.0000000    	 -9767.7974    	  250.54538    
  7.0000000    	  8.0000000    	 -8592.6150    	  235.67915    
  8.0000000    	  9.0000000    	 -7502.2862    	  221.18990    
  9.0000000    	  10.000000    	 -6698.9478    	  209.33423    
  10.000000    	  11.000000    	 -5910.9365    	  197.43067    
  11.000000    	  12.000000    	 -5313.8866    	  187.56004    
  12.000000    	  13.000000    	 -4799.0500    	  178.21169    
  13.000000    	  14.000000    	 -4320.5147    	  169.69248    
  14.000000    	  15.000000    	 -3977.4579    	  162.88666    
  15.000000    	  16.000000    	 -3609.0458    	  155.63744    
  16.000000    	  17.000000    	 -3392.9828    	  151.23449    
  17.000000    	  18.000000    	 -2989.9449    	  142.38778    
  18.000000    	  19.000000    	 -2861.3910    	  139.18566    
  19.000000    	  20.000000    	 -2574.8680    	  132.34744    
  20.000000    	  21.000000    	 -2490.2550    	  130.13625    
  21.000000    	  22.000000    	 -2243.2456    	  123.39342    
  22.000000    	  23.000000    	 -2040.8773    	  117.93920    
  23.000000    	  24.000000    	 -1973.9359    	  116.39526    
  24.000000    	  25.000000    	 -1848.8186    	  112.91962    
  25.000000    	  26.000000    	 -1636.4837    	  106.53669    
  26.000000    	  27.000000    	 -1602.5665    	  105.31843    
  27.000000    	  28.000000    	 -1404.9402    	  98.676476    
  28.000000    	  29.000000    	 -1228.9338    	  91.921600    
  29.000000    	  30.000000    	 -1250.7127    	  93.615324    
  30.000000    	  31.000000    	 -1311.1160    	  95.940774    
  31.000000    	  32.000000    	 -1102.5968    	  87.102962    
  32.000000    	  33.000000    	 -1145.9088    	  90.452844    
  33.000000    	  34.000000    	 -1081.9673    	  86.213680    
  34.000000    	  35.000000    	 -978.47868    	  83.924995    
  35.000000    	  36.000000    	 -952.77896    	  81.031988    
  36.000000    	  37.000000    	 -925.77460    	  82.239244    
  37.000000    	  38.000000    	 -866.57559    	  77.478608    
  38.000000    	  39.000000    	 -743.11636    	  73.959720    
  39.000000    	  40.000000    	 -731.77086    	  71.968086    
  40.000000    	  41.000000    	 -742.99447    	  72.041731    
  41.000000    	  42.000000    	 -673.59775    	  70.938843    
  42.000000    	  43.000000    	 -360.80043    	  50.438409    
  43.000000    	  44.000000    	 -587.78110    	  63.678667    
  44.000000    	  45.000000    	 -574.20492    	  66.362779    
  45.000000    	  46.000000    	 -609.28977    	  66.480285    
  46.000000    	  47.000000    	 -536.32638    	  61.009963    
  47.000000    	  48.000000    	 -539.94225    	  66.927585    
  48.000000    	  49.000000    	 -432.58057    	  57.669823    
  49.000000    	  50.000000    	 -473.64400    	  58.777829    
  50.000000    	  51.000000    	 -467.88394    	  57.191344    
  51.000000    	  52.000000    	 -381.03236    	  51.208377    
  52.000000    	  53.000000    	 -401.18254    	  57.129294    
  53.000000    	  54.000000    	 -391.15051    	  55.077556    
  54.000000    	  55.000000    	 -372.95931    	  52.634952    
  55.000000    	  56.000000    	 -307.78745    	  46.748003    
  56.000000    	  57.000000    	 -351.92144    	  48.789791    
  57.000000    	  58.000000    	 -309.06398    	  49.081264    
  58.000000    	  59.000000    	 -249.98562    	  46.724837    
  59.000000    	  60.000000    	 -334.46555    	  52.498933    
  60.000000    	  61.000000    	 -215.22248    	  40.978437    
  61.000000    	  62.000000    	 -282.71581    	  45.910668    
  62.000000    	  63.000000    	 -237.72371    	  41.376645    
  63.000000    	  64.000000    	 -219.21671    	  38.526653    
  64.000000    	  65.000000    	 -219.42797    	  37.690025    
  65.000000    	  66.000000    	 -189.49975    	  37.739248    
  66.000000    	  67.000000    	 -190.88992    	  44.553202    
  67.000000    	  68.000000    	 -171.35953    	  40.808533    
  68.000000    	  69.000000    	 -108.45059    	  30.402202    
  69.000000    	  70.000000    	 -152.72846    	  36.416624    
  70.000000    	  71.000000    	 -141.22341    	  34.159697    
  71.000000    	  72.000000    	 -164.04789    	  35.987387    
  72.000000    	  73.000000    	 -136.98580    	  32.003984    
  73.000000    	  74.000000    	 -53.231759    	  17.464991    
  74.000000    	  75.000000    	 -134.00460    	  29.755652    
  75.000000    	  76.000000    	 -135.48250    	  29.327640    
  76.000000    	  77.000000    	 -145.51821    	  32.900635    
  77.000000    	  78.000000    	 -97.215564    	  23.405693    
  78.000000    	  79.000000    	 -103.77437    	  24.787189    
  79.000000    	  80.000000    	 -91.471587    	  21.332913    
  80.000000    	  81.000000    	  0.0000000    	  0.0000000    
  81.000000    	  82.000000    	  0.0000000    	  0.0000000    
  82.000000    	  83.000000    	  0.0000000    	  0.0000000    
  83.000000    	  84.000000    	  0.0000000    	  0.0000000    
  84.000000    	  85.000000    	  0.0000000    	  0.0000000    
  85.000000    	  86.000000    	  0.0000000    	  0.0000000    
  86.000000    	  87.000000    	  0.0000000    	  0.0000000    
  87.000000    	  88.000000    	  0.0000000    	  0.0000000    
  88.000000    	  89.000000    	  0.0000000    	  0.0000000    
  89.000000    	  90.000000    	  0.0000000    	  0.0000000    
  90.000000    	  91.000000    	  0.0000000    	  0.0000000    
  91.000000    	  92.000000    	  0.0000000    	  0.0000000    
  92.000000    	  93.000000    	  0.0000000    	  0.0000000    
  93.000000    	  94.000000    	  0.0000000    	  0.0000000    
  94.000000    	  95.000000    	  0.0000000    	  0.0000000    
  95.000000    	  96.000000    	  0.0000000    	  0.0000000    
  96.000000    	  97.000000    	  0.0000000    	  0.0000000    
  97.000000    	  98.000000    	  0.0000000    	  0.0000000    
  98.000000    	  99.000000    	  0.0000000    	  0.0000000    
  99.000000    	  100.00000    	  0.0000000    	  0.0000000    
