# pt34_32   
# underflow	  19.685554    	  16.334215    
# overflow	  878.35271    	  20.911046    
# sum	  69235.516    	  2547.3829    
# xmin	xmax	cross	numerror
 0.10000000    	  1.0000000    	  511.87493    	  153.52522    
  1.0000000    	  2.0000000    	  2200.8161    	  653.64428    
  2.0000000    	  3.0000000    	  2318.4388    	  505.33625    
  3.0000000    	  4.0000000    	  3095.8736    	  510.54136    
  4.0000000    	  5.0000000    	  3694.3268    	  477.03927    
  5.0000000    	  6.0000000    	  2636.3889    	  424.70427    
  6.0000000    	  7.0000000    	  2488.1929    	  412.79365    
  7.0000000    	  8.0000000    	  2480.2321    	  407.47936    
  8.0000000    	  9.0000000    	  2635.6522    	  400.65513    
  9.0000000    	  10.000000    	  1871.8335    	  356.14660    
  10.000000    	  11.000000    	  1915.7185    	  337.20189    
  11.000000    	  12.000000    	  1894.6332    	  326.27783    
  12.000000    	  13.000000    	  1681.6358    	  317.90598    
  13.000000    	  14.000000    	  1383.4290    	  298.33236    
  14.000000    	  15.000000    	  1487.3127    	  302.99346    
  15.000000    	  16.000000    	  1409.0198    	  281.78461    
  16.000000    	  17.000000    	  1069.0666    	  247.02516    
  17.000000    	  18.000000    	  1113.8546    	  254.28601    
  18.000000    	  19.000000    	  995.73031    	  232.84587    
  19.000000    	  20.000000    	  952.91219    	  230.10848    
  20.000000    	  21.000000    	  830.93960    	  234.06663    
  21.000000    	  22.000000    	  668.94328    	  203.47141    
  22.000000    	  23.000000    	  800.53128    	  216.05590    
  23.000000    	  24.000000    	  576.31730    	  176.82059    
  24.000000    	  25.000000    	  790.31378    	  228.93463    
  25.000000    	  26.000000    	  773.78876    	  209.26360    
  26.000000    	  27.000000    	  586.97069    	  181.44573    
  27.000000    	  28.000000    	  709.44922    	  217.15601    
  28.000000    	  29.000000    	  753.90362    	  202.28845    
  29.000000    	  30.000000    	  533.73009    	  166.74387    
  30.000000    	  31.000000    	  614.05422    	  212.21024    
  31.000000    	  32.000000    	  529.80368    	  213.11505    
  32.000000    	  33.000000    	  498.56545    	  163.89124    
  33.000000    	  34.000000    	  662.82546    	  198.92654    
  34.000000    	  35.000000    	  610.29700    	  207.13761    
  35.000000    	  36.000000    	  597.58891    	  173.69165    
  36.000000    	  37.000000    	  445.23923    	  163.07850    
  37.000000    	  38.000000    	  570.72469    	  281.73176    
  38.000000    	  39.000000    	  680.28180    	  198.76861    
  39.000000    	  40.000000    	  485.58270    	  184.69820    
  40.000000    	  41.000000    	  544.84859    	  206.33390    
  41.000000    	  42.000000    	  465.59518    	  162.79095    
  42.000000    	  43.000000    	  451.47275    	  182.40380    
  43.000000    	  44.000000    	  496.50939    	  174.25101    
  44.000000    	  45.000000    	  754.89609    	  359.48522    
  45.000000    	  46.000000    	  528.09556    	  204.71847    
  46.000000    	  47.000000    	  574.79676    	  225.70792    
  47.000000    	  48.000000    	  437.74485    	  203.42530    
  48.000000    	  49.000000    	  392.58830    	  167.55755    
  49.000000    	  50.000000    	  670.38262    	  325.60303    
  50.000000    	  51.000000    	  406.19661    	  256.90622    
  51.000000    	  52.000000    	  448.16748    	  236.18554    
  52.000000    	  53.000000    	  497.05838    	  221.00301    
  53.000000    	  54.000000    	  444.95152    	  250.30023    
  54.000000    	  55.000000    	  463.88444    	  218.43896    
  55.000000    	  56.000000    	  560.17027    	  302.91117    
  56.000000    	  57.000000    	  491.25265    	  225.64427    
  57.000000    	  58.000000    	  495.80581    	  329.65309    
  58.000000    	  59.000000    	  489.57711    	  324.79473    
  59.000000    	  60.000000    	  549.18581    	  232.38437    
  60.000000    	  61.000000    	  28.141893    	  26.684915    
  61.000000    	  62.000000    	  457.22712    	  248.71902    
  62.000000    	  63.000000    	  27.715671    	  25.610647    
  63.000000    	  64.000000    	  421.87712    	  235.42740    
  64.000000    	  65.000000    	  517.43634    	  488.50681    
  65.000000    	  66.000000    	  453.74469    	  299.79146    
  66.000000    	  67.000000    	  467.01029    	  318.32236    
  67.000000    	  68.000000    	  429.68166    	  274.04023    
  68.000000    	  69.000000    	  405.72477    	  271.05439    
  69.000000    	  70.000000    	  12.932620    	  23.583794    
  70.000000    	  71.000000    	  497.65691    	  345.74964    
  71.000000    	  72.000000    	  508.91017    	  264.18166    
  72.000000    	  73.000000    	  433.95145    	  424.75080    
  73.000000    	  74.000000    	  486.62524    	  330.58476    
  74.000000    	  75.000000    	  427.74597    	  279.87375    
  75.000000    	  76.000000    	  393.81905    	  388.40289    
  76.000000    	  77.000000    	  46.022740    	  14.781848    
  77.000000    	  78.000000    	  599.63920    	  389.42706    
  78.000000    	  79.000000    	  34.813160    	  14.352201    
  79.000000    	  80.000000    	  270.14460    	  257.12210    
  80.000000    	  81.000000    	  39.313305    	  7.7286356    
  81.000000    	  82.000000    	  54.657058    	  8.1790267    
  82.000000    	  83.000000    	  40.452736    	  7.6749659    
  83.000000    	  84.000000    	  42.325607    	  7.1158316    
  84.000000    	  85.000000    	  35.014326    	  6.6794177    
  85.000000    	  86.000000    	  38.664098    	  6.7609929    
  86.000000    	  87.000000    	  41.596012    	  6.8431866    
  87.000000    	  88.000000    	  42.064269    	  6.1041465    
  88.000000    	  89.000000    	  32.999162    	  6.4430144    
  89.000000    	  90.000000    	  35.609299    	  6.2043095    
  90.000000    	  91.000000    	  34.668680    	  5.9631210    
  91.000000    	  92.000000    	  44.227716    	  6.7565683    
  92.000000    	  93.000000    	  29.077113    	  5.7014141    
  93.000000    	  94.000000    	  33.377122    	  5.3807899    
  94.000000    	  95.000000    	  21.423967    	  5.3405273    
  95.000000    	  96.000000    	  25.942807    	  4.9190916    
  96.000000    	  97.000000    	  35.114397    	  4.8232929    
  97.000000    	  98.000000    	  26.579042    	  4.7640298    
  98.000000    	  99.000000    	  21.080897    	  5.1229715    
  99.000000    	  100.00000    	  22.496069    	  3.8163192    
