# pt34_4    
# underflow	  0.0000000    	  0.0000000    
# overflow	  10497.698    	  123.61796    
# sum	  907897.03    	  4134.1840    
# xmin	xmax	cross	numerror
  0.0000000    	  1.0000000    	  0.0000000    	  0.0000000    
  1.0000000    	  2.0000000    	  53541.283    	  2771.7848    
  2.0000000    	  3.0000000    	  91986.901    	  1523.5357    
  3.0000000    	  4.0000000    	  80821.833    	  1172.0950    
  4.0000000    	  5.0000000    	  65941.250    	  947.42693    
  5.0000000    	  6.0000000    	  59104.725    	  798.70250    
  6.0000000    	  7.0000000    	  48582.120    	  713.95546    
  7.0000000    	  8.0000000    	  41876.774    	  686.12355    
  8.0000000    	  9.0000000    	  36882.811    	  650.22691    
  9.0000000    	  10.000000    	  32868.054    	  554.48607    
  10.000000    	  11.000000    	  27973.566    	  456.28638    
  11.000000    	  12.000000    	  25729.676    	  429.73959    
  12.000000    	  13.000000    	  22464.630    	  411.33616    
  13.000000    	  14.000000    	  20799.311    	  395.55478    
  14.000000    	  15.000000    	  18130.696    	  405.77222    
  15.000000    	  16.000000    	  17403.498    	  376.16962    
  16.000000    	  17.000000    	  15392.725    	  316.43480    
  17.000000    	  18.000000    	  14306.964    	  311.86130    
  18.000000    	  19.000000    	  12952.225    	  303.29149    
  19.000000    	  20.000000    	  12196.289    	  288.38949    
  20.000000    	  21.000000    	  11152.623    	  273.45782    
  21.000000    	  22.000000    	  10291.407    	  258.33988    
  22.000000    	  23.000000    	  9856.6661    	  245.07505    
  23.000000    	  24.000000    	  8953.0826    	  244.75217    
  24.000000    	  25.000000    	  8417.7857    	  227.12925    
  25.000000    	  26.000000    	  7719.2930    	  210.18895    
  26.000000    	  27.000000    	  7388.6780    	  217.87264    
  27.000000    	  28.000000    	  6847.7836    	  213.78847    
  28.000000    	  29.000000    	  6560.9539    	  202.82835    
  29.000000    	  30.000000    	  6026.5615    	  198.13153    
  30.000000    	  31.000000    	  5998.1675    	  178.05334    
  31.000000    	  32.000000    	  5253.9455    	  170.95052    
  32.000000    	  33.000000    	  5197.7757    	  161.56562    
  33.000000    	  34.000000    	  4835.2282    	  160.23862    
  34.000000    	  35.000000    	  4563.1589    	  166.51845    
  35.000000    	  36.000000    	  4143.1871    	  156.66004    
  36.000000    	  37.000000    	  4356.8444    	  147.60859    
  37.000000    	  38.000000    	  3929.3706    	  137.82765    
  38.000000    	  39.000000    	  3588.1952    	  130.58421    
  39.000000    	  40.000000    	  3216.0785    	  140.65400    
  40.000000    	  41.000000    	  3413.3930    	  131.89488    
  41.000000    	  42.000000    	  3294.6932    	  117.78083    
  42.000000    	  43.000000    	  2989.5986    	  117.19705    
  43.000000    	  44.000000    	  2701.4123    	  118.33176    
  44.000000    	  45.000000    	  2569.7396    	  110.17982    
  45.000000    	  46.000000    	  2767.2510    	  113.17836    
  46.000000    	  47.000000    	  2534.8990    	  109.22277    
  47.000000    	  48.000000    	  2306.8256    	  100.67174    
  48.000000    	  49.000000    	  2280.0320    	  101.83063    
  49.000000    	  50.000000    	  2110.6835    	  93.298992    
  50.000000    	  51.000000    	  2004.0179    	  96.222236    
  51.000000    	  52.000000    	  1892.2094    	  89.249311    
  52.000000    	  53.000000    	  1835.4431    	  89.618456    
  53.000000    	  54.000000    	  1800.4947    	  84.217249    
  54.000000    	  55.000000    	  1714.2573    	  87.753305    
  55.000000    	  56.000000    	  1511.7336    	  83.727736    
  56.000000    	  57.000000    	  1540.2823    	  76.129820    
  57.000000    	  58.000000    	  1531.7898    	  73.237412    
  58.000000    	  59.000000    	  1482.1701    	  73.853798    
  59.000000    	  60.000000    	  1322.2375    	  71.659386    
  60.000000    	  61.000000    	  1272.2581    	  74.396427    
  61.000000    	  62.000000    	  1251.7593    	  73.371694    
  62.000000    	  63.000000    	  1180.7526    	  70.447450    
  63.000000    	  64.000000    	  1242.2582    	  66.422003    
  64.000000    	  65.000000    	  1100.8873    	  62.480902    
  65.000000    	  66.000000    	  1085.0459    	  58.900624    
  66.000000    	  67.000000    	  915.09245    	  58.665573    
  67.000000    	  68.000000    	  994.38816    	  62.724999    
  68.000000    	  69.000000    	  976.68057    	  59.718442    
  69.000000    	  70.000000    	  935.33903    	  53.854543    
  70.000000    	  71.000000    	  793.98775    	  55.887262    
  71.000000    	  72.000000    	  846.99749    	  53.333025    
  72.000000    	  73.000000    	  804.80389    	  53.643280    
  73.000000    	  74.000000    	  707.30826    	  53.482768    
  74.000000    	  75.000000    	  742.22591    	  52.347981    
  75.000000    	  76.000000    	  716.99360    	  50.186205    
  76.000000    	  77.000000    	  661.63302    	  48.202627    
  77.000000    	  78.000000    	  604.18835    	  43.815477    
  78.000000    	  79.000000    	  687.99738    	  42.594367    
  79.000000    	  80.000000    	  592.05721    	  40.247367    
  80.000000    	  81.000000    	  541.47927    	  41.385988    
  81.000000    	  82.000000    	  539.60685    	  41.985379    
  82.000000    	  83.000000    	  552.41443    	  39.112105    
  83.000000    	  84.000000    	  571.33347    	  39.794781    
  84.000000    	  85.000000    	  455.52316    	  36.548704    
  85.000000    	  86.000000    	  551.28247    	  33.718586    
  86.000000    	  87.000000    	  452.28670    	  32.503486    
  87.000000    	  88.000000    	  494.55347    	  32.170554    
  88.000000    	  89.000000    	  382.08397    	  34.225567    
  89.000000    	  90.000000    	  405.91746    	  32.884826    
  90.000000    	  91.000000    	  399.73489    	  31.193964    
  91.000000    	  92.000000    	  408.52010    	  28.629430    
  92.000000    	  93.000000    	  390.52345    	  30.042023    
  93.000000    	  94.000000    	  376.18794    	  32.061825    
  94.000000    	  95.000000    	  316.53482    	  30.749918    
  95.000000    	  96.000000    	  319.87323    	  27.922394    
  96.000000    	  97.000000    	  324.14017    	  26.654111    
  97.000000    	  98.000000    	  310.79293    	  25.203827    
  98.000000    	  99.000000    	  301.48971    	  25.836720    
  99.000000    	  100.00000    	  337.12308    	  23.983466    
