# pt34_13   
# underflow	  0.0000000    	  0.0000000    
# overflow	  0.0000000    	  0.0000000    
# sum	 -610814.52    	  4459.1818    
# xmin	xmax	cross	numerror
  0.0000000    	  1.0000000    	  0.0000000    	  0.0000000    
  1.0000000    	  2.0000000    	 -62229.207    	  1452.4764    
  2.0000000    	  3.0000000    	 -72903.717    	  1575.5599    
  3.0000000    	  4.0000000    	 -60091.442    	  1420.0698    
  4.0000000    	  5.0000000    	 -50150.147    	  1295.2477    
  5.0000000    	  6.0000000    	 -41294.894    	  1170.2533    
  6.0000000    	  7.0000000    	 -35162.804    	  1076.2513    
  7.0000000    	  8.0000000    	 -29519.401    	  983.12193    
  8.0000000    	  9.0000000    	 -24885.410    	  904.63776    
  9.0000000    	  10.000000    	 -21849.833    	  844.08098    
  10.000000    	  11.000000    	 -20481.892    	  819.11982    
  11.000000    	  12.000000    	 -17587.256    	  755.16435    
  12.000000    	  13.000000    	 -14893.851    	  692.88684    
  13.000000    	  14.000000    	 -14105.549    	  677.95841    
  14.000000    	  15.000000    	 -12745.502    	  638.72757    
  15.000000    	  16.000000    	 -11514.894    	  609.24775    
  16.000000    	  17.000000    	 -10095.080    	  563.60760    
  17.000000    	  18.000000    	 -10121.007    	  576.34872    
  18.000000    	  19.000000    	 -8051.7728    	  500.82302    
  19.000000    	  20.000000    	 -7777.9150    	  494.65276    
  20.000000    	  21.000000    	 -7001.6068    	  470.37112    
  21.000000    	  22.000000    	 -6462.0188    	  453.07200    
  22.000000    	  23.000000    	 -5877.5565    	  429.18113    
  23.000000    	  24.000000    	 -5575.2522    	  414.96115    
  24.000000    	  25.000000    	 -5307.4690    	  405.79938    
  25.000000    	  26.000000    	 -4264.4148    	  349.42256    
  26.000000    	  27.000000    	 -3576.2478    	  311.31351    
  27.000000    	  28.000000    	 -3349.6792    	  312.00880    
  28.000000    	  29.000000    	 -3318.1045    	  307.51532    
  29.000000    	  30.000000    	 -3282.1096    	  311.98295    
  30.000000    	  31.000000    	 -3366.2215    	  329.11651    
  31.000000    	  32.000000    	 -2799.2277    	  276.98710    
  32.000000    	  33.000000    	 -2192.7442    	  248.04830    
  33.000000    	  34.000000    	 -2231.7062    	  243.88126    
  34.000000    	  35.000000    	 -2198.6505    	  244.97694    
  35.000000    	  36.000000    	 -1860.7656    	  214.00069    
  36.000000    	  37.000000    	 -1953.3831    	  237.33055    
  37.000000    	  38.000000    	 -1769.0354    	  213.28401    
  38.000000    	  39.000000    	 -1644.1763    	  212.74052    
  39.000000    	  40.000000    	 -1602.1467    	  203.49327    
  40.000000    	  41.000000    	 -800.27384    	  135.58109    
  41.000000    	  42.000000    	 -1472.0725    	  200.37022    
  42.000000    	  43.000000    	 -1229.3154    	  179.40349    
  43.000000    	  44.000000    	 -695.37941    	  123.46802    
  44.000000    	  45.000000    	 -373.16334    	  91.860438    
  45.000000    	  46.000000    	 -595.93028    	  132.59504    
  46.000000    	  47.000000    	 -651.79834    	  132.96964    
  47.000000    	  48.000000    	 -791.04606    	  143.63458    
  48.000000    	  49.000000    	 -1034.1469    	  159.79578    
  49.000000    	  50.000000    	 -789.40881    	  148.78431    
  50.000000    	  51.000000    	 -875.07736    	  153.76292    
  51.000000    	  52.000000    	 -580.26696    	  119.01257    
  52.000000    	  53.000000    	 -568.04873    	  113.66481    
  53.000000    	  54.000000    	 -422.69339    	  104.91552    
  54.000000    	  55.000000    	 -691.20442    	  146.95094    
  55.000000    	  56.000000    	 -441.99211    	  115.51757    
  56.000000    	  57.000000    	 -305.13023    	  96.886512    
  57.000000    	  58.000000    	 -94.280931    	  44.011419    
  58.000000    	  59.000000    	 -255.83018    	  74.740509    
  59.000000    	  60.000000    	 -241.69947    	  72.766746    
  60.000000    	  61.000000    	 -553.54515    	  136.93268    
  61.000000    	  62.000000    	 -221.35660    	  64.756148    
  62.000000    	  63.000000    	 -262.47850    	  70.175643    
  63.000000    	  64.000000    	 -175.29232    	  64.932600    
  64.000000    	  65.000000    	 -216.51231    	  95.790763    
  65.000000    	  66.000000    	 -223.50810    	  83.932035    
  66.000000    	  67.000000    	 -123.86942    	  55.187380    
  67.000000    	  68.000000    	 -157.70305    	  61.083622    
  68.000000    	  69.000000    	 -226.31597    	  75.881063    
  69.000000    	  70.000000    	 -224.24456    	  84.689497    
  70.000000    	  71.000000    	 -190.77656    	  60.864426    
  71.000000    	  72.000000    	 -90.760923    	  34.301026    
  72.000000    	  73.000000    	 -59.520540    	  27.357646    
  73.000000    	  74.000000    	-0.81893917    	  8.4018375    
  74.000000    	  75.000000    	 -45.455137    	  16.191714    
  75.000000    	  76.000000    	 -12.298076    	  14.048834    
  76.000000    	  77.000000    	 -26.839060    	  10.118808    
  77.000000    	  78.000000    	-0.83991951    	  4.8879359    
  78.000000    	  79.000000    	 -2.1057963    	  3.1661305    
  79.000000    	  80.000000    	  2.5736896    	  1.5590792    
  80.000000    	  81.000000    	  0.0000000    	  0.0000000    
  81.000000    	  82.000000    	  0.0000000    	  0.0000000    
  82.000000    	  83.000000    	  0.0000000    	  0.0000000    
  83.000000    	  84.000000    	  0.0000000    	  0.0000000    
  84.000000    	  85.000000    	  0.0000000    	  0.0000000    
  85.000000    	  86.000000    	  0.0000000    	  0.0000000    
  86.000000    	  87.000000    	  0.0000000    	  0.0000000    
  87.000000    	  88.000000    	  0.0000000    	  0.0000000    
  88.000000    	  89.000000    	  0.0000000    	  0.0000000    
  89.000000    	  90.000000    	  0.0000000    	  0.0000000    
  90.000000    	  91.000000    	  0.0000000    	  0.0000000    
  91.000000    	  92.000000    	  0.0000000    	  0.0000000    
  92.000000    	  93.000000    	  0.0000000    	  0.0000000    
  93.000000    	  94.000000    	  0.0000000    	  0.0000000    
  94.000000    	  95.000000    	  0.0000000    	  0.0000000    
  95.000000    	  96.000000    	  0.0000000    	  0.0000000    
  96.000000    	  97.000000    	  0.0000000    	  0.0000000    
  97.000000    	  98.000000    	  0.0000000    	  0.0000000    
  98.000000    	  99.000000    	  0.0000000    	  0.0000000    
  99.000000    	  100.00000    	  0.0000000    	  0.0000000    
