# pt34_12   
# underflow	  0.0000000    	  0.0000000    
# overflow	  5345.8938    	  82.370612    
# sum	  520747.00    	  13803.893    
# xmin	xmax	cross	numerror
  0.0000000    	  1.0000000    	  2064.1564    	  562.43791    
  1.0000000    	  2.0000000    	  18824.502    	  3555.0224    
  2.0000000    	  3.0000000    	  23596.103    	  3307.8714    
  3.0000000    	  4.0000000    	  31036.059    	  3291.1611    
  4.0000000    	  5.0000000    	  28337.657    	  3238.0105    
  5.0000000    	  6.0000000    	  25536.658    	  2826.6019    
  6.0000000    	  7.0000000    	  26358.862    	  2808.6493    
  7.0000000    	  8.0000000    	  20958.520    	  2591.1694    
  8.0000000    	  9.0000000    	  21554.748    	  2594.7110    
  9.0000000    	  10.000000    	  19739.861    	  2446.1692    
  10.000000    	  11.000000    	  16374.826    	  2253.1680    
  11.000000    	  12.000000    	  17368.983    	  2270.4065    
  12.000000    	  13.000000    	  13144.388    	  2034.3971    
  13.000000    	  14.000000    	  16573.384    	  2189.7128    
  14.000000    	  15.000000    	  11276.816    	  1738.0301    
  15.000000    	  16.000000    	  7512.0095    	  1503.9774    
  16.000000    	  17.000000    	  8311.5834    	  1501.3560    
  17.000000    	  18.000000    	  12278.116    	  1906.3573    
  18.000000    	  19.000000    	  7898.5630    	  1447.8464    
  19.000000    	  20.000000    	  5117.7086    	  1156.5254    
  20.000000    	  21.000000    	  8953.9985    	  1600.6569    
  21.000000    	  22.000000    	  6791.7416    	  1372.9357    
  22.000000    	  23.000000    	  6366.9523    	  1262.1982    
  23.000000    	  24.000000    	  3891.9858    	  1047.4532    
  24.000000    	  25.000000    	  3464.3634    	  901.09218    
  25.000000    	  26.000000    	  3762.4207    	  851.34955    
  26.000000    	  27.000000    	  4650.5444    	  1054.0849    
  27.000000    	  28.000000    	  7130.3252    	  1328.1607    
  28.000000    	  29.000000    	  3318.4653    	  822.99409    
  29.000000    	  30.000000    	  3295.4778    	  936.85916    
  30.000000    	  31.000000    	  3731.4045    	  964.88117    
  31.000000    	  32.000000    	  2962.5940    	  778.17493    
  32.000000    	  33.000000    	  3222.5042    	  856.76827    
  33.000000    	  34.000000    	  4924.3962    	  1118.6380    
  34.000000    	  35.000000    	  2491.2794    	  786.15296    
  35.000000    	  36.000000    	  3503.1348    	  1071.7056    
  36.000000    	  37.000000    	  3893.1274    	  1007.2312    
  37.000000    	  38.000000    	  2538.0259    	  812.14938    
  38.000000    	  39.000000    	  2477.8633    	  787.37935    
  39.000000    	  40.000000    	  2003.4475    	  742.70726    
  40.000000    	  41.000000    	  3554.0659    	  990.69757    
  41.000000    	  42.000000    	  2844.4994    	  895.14213    
  42.000000    	  43.000000    	  2040.7245    	  675.91264    
  43.000000    	  44.000000    	  2282.8617    	  872.19720    
  44.000000    	  45.000000    	  2009.8054    	  751.32565    
  45.000000    	  46.000000    	  2814.8388    	  938.82839    
  46.000000    	  47.000000    	  2725.2595    	  934.84893    
  47.000000    	  48.000000    	  2647.4987    	  959.87241    
  48.000000    	  49.000000    	  3522.1672    	  1136.9362    
  49.000000    	  50.000000    	  3130.6749    	  991.40112    
  50.000000    	  51.000000    	  3058.3489    	  1202.0576    
  51.000000    	  52.000000    	  2857.6274    	  992.86637    
  52.000000    	  53.000000    	  2547.2071    	  874.57093    
  53.000000    	  54.000000    	  1970.5581    	  661.52547    
  54.000000    	  55.000000    	  1734.1406    	  798.31797    
  55.000000    	  56.000000    	  3750.3653    	  1988.1008    
  56.000000    	  57.000000    	  2085.7686    	  759.88119    
  57.000000    	  58.000000    	  3174.4713    	  1144.0290    
  58.000000    	  59.000000    	  1845.1277    	  1059.8662    
  59.000000    	  60.000000    	  2711.2764    	  1233.4220    
  60.000000    	  61.000000    	  1961.2172    	  906.40344    
  61.000000    	  62.000000    	  1836.4671    	  940.97835    
  62.000000    	  63.000000    	  1817.2104    	  1038.1904    
  63.000000    	  64.000000    	  1991.1828    	  975.28989    
  64.000000    	  65.000000    	  2084.2130    	  891.33455    
  65.000000    	  66.000000    	  1329.9269    	  835.56230    
  66.000000    	  67.000000    	  1467.5654    	  750.64103    
  67.000000    	  68.000000    	  3466.0727    	  1553.7965    
  68.000000    	  69.000000    	  3386.4776    	  2902.4595    
  69.000000    	  70.000000    	  1851.3295    	  1147.2303    
  70.000000    	  71.000000    	  4369.9457    	  2258.4915    
  71.000000    	  72.000000    	  2832.6431    	  1476.9354    
  72.000000    	  73.000000    	  3133.9311    	  1721.9900    
  73.000000    	  74.000000    	  3431.8278    	  1936.6798    
  74.000000    	  75.000000    	  1117.4483    	  757.09034    
  75.000000    	  76.000000    	  373.97393    	  48.707047    
  76.000000    	  77.000000    	  877.95069    	  403.66404    
  77.000000    	  78.000000    	  1849.3204    	  1020.8524    
  78.000000    	  79.000000    	  308.18765    	  34.115730    
  79.000000    	  80.000000    	  338.89758    	  31.873653    
  80.000000    	  81.000000    	  359.97063    	  31.225188    
  81.000000    	  82.000000    	  337.68694    	  29.436681    
  82.000000    	  83.000000    	  308.20481    	  31.744176    
  83.000000    	  84.000000    	  314.94042    	  29.501096    
  84.000000    	  85.000000    	  311.47509    	  27.136348    
  85.000000    	  86.000000    	  282.43990    	  29.423552    
  86.000000    	  87.000000    	  315.69156    	  28.213460    
  87.000000    	  88.000000    	  263.94614    	  24.565628    
  88.000000    	  89.000000    	  285.30441    	  23.474738    
  89.000000    	  90.000000    	  216.43132    	  23.047785    
  90.000000    	  91.000000    	  223.67572    	  23.088182    
  91.000000    	  92.000000    	  256.54332    	  22.736833    
  92.000000    	  93.000000    	  236.57568    	  21.955651    
  93.000000    	  94.000000    	  210.52403    	  21.325471    
  94.000000    	  95.000000    	  200.80345    	  21.509991    
  95.000000    	  96.000000    	  243.17447    	  22.292023    
  96.000000    	  97.000000    	  163.21186    	  18.604338    
  97.000000    	  98.000000    	  190.40773    	  18.182726    
  98.000000    	  99.000000    	  166.38883    	  17.573022    
  99.000000    	  100.00000    	  143.07920    	  15.617628    
