# pt34_fine
# underflow	  0.0000000    	  0.0000000    
# overflow	  97189.451    	  359.26698    
# sum	  22833302.    	  48940.386    
# xmin	xmax	cross	numerror
  0.0000000    	  1.0000000    	  95870.309    	  5022.8130    
  1.0000000    	  2.0000000    	  2860179.5    	  14719.969    
  2.0000000    	  3.0000000    	  2387445.8    	  12674.061    
  3.0000000    	  4.0000000    	  1902720.7    	  11914.676    
  4.0000000    	  5.0000000    	  1564105.2    	  11427.017    
  5.0000000    	  6.0000000    	  1307865.2    	  10924.856    
  6.0000000    	  7.0000000    	  1110624.0    	  10557.902    
  7.0000000    	  8.0000000    	  974160.91    	  10131.854    
  8.0000000    	  9.0000000    	  853476.19    	  9887.2194    
  9.0000000    	  10.000000    	  745703.39    	  9320.2521    
  10.000000    	  11.000000    	  664300.92    	  8876.8761    
  11.000000    	  12.000000    	  602630.78    	  8621.0322    
  12.000000    	  13.000000    	  541279.96    	  8141.1068    
  13.000000    	  14.000000    	  487791.83    	  7924.0668    
  14.000000    	  15.000000    	  442499.07    	  7425.8242    
  15.000000    	  16.000000    	  401494.37    	  7251.8165    
  16.000000    	  17.000000    	  375519.21    	  7070.4340    
  17.000000    	  18.000000    	  342438.42    	  6780.5665    
  18.000000    	  19.000000    	  313126.72    	  6524.1271    
  19.000000    	  20.000000    	  291099.75    	  6303.6994    
  20.000000    	  21.000000    	  271070.70    	  6011.1555    
  21.000000    	  22.000000    	  248392.13    	  5958.1520    
  22.000000    	  23.000000    	  232016.60    	  5714.7149    
  23.000000    	  24.000000    	  217338.41    	  5597.1133    
  24.000000    	  25.000000    	  201990.69    	  5433.2941    
  25.000000    	  26.000000    	  191241.64    	  5274.3519    
  26.000000    	  27.000000    	  174183.12    	  4945.7680    
  27.000000    	  28.000000    	  167124.96    	  4871.3129    
  28.000000    	  29.000000    	  157036.92    	  4790.9757    
  29.000000    	  30.000000    	  145773.28    	  4689.2878    
  30.000000    	  31.000000    	  134800.21    	  4418.7152    
  31.000000    	  32.000000    	  130534.83    	  4358.8612    
  32.000000    	  33.000000    	  121515.39    	  4154.1328    
  33.000000    	  34.000000    	  115087.73    	  4086.0183    
  34.000000    	  35.000000    	  107009.74    	  3977.0002    
  35.000000    	  36.000000    	  102992.84    	  3964.1182    
  36.000000    	  37.000000    	  96050.398    	  3847.5794    
  37.000000    	  38.000000    	  90305.899    	  3706.5603    
  38.000000    	  39.000000    	  88163.721    	  3681.2925    
  39.000000    	  40.000000    	  81114.790    	  3456.9141    
  40.000000    	  41.000000    	  79085.070    	  3445.0242    
  41.000000    	  42.000000    	  72046.316    	  3244.1493    
  42.000000    	  43.000000    	  69632.006    	  3147.2700    
  43.000000    	  44.000000    	  67032.505    	  3159.3548    
  44.000000    	  45.000000    	  60053.936    	  2935.8570    
  45.000000    	  46.000000    	  60190.983    	  2958.0166    
  46.000000    	  47.000000    	  54430.995    	  2816.5875    
  47.000000    	  48.000000    	  53580.157    	  2883.0669    
  48.000000    	  49.000000    	  50934.699    	  2807.7977    
  49.000000    	  50.000000    	  47351.710    	  2597.0117    
  50.000000    	  51.000000    	  44763.270    	  2608.8010    
  51.000000    	  52.000000    	  43341.062    	  2597.9692    
  52.000000    	  53.000000    	  40423.346    	  2417.1728    
  53.000000    	  54.000000    	  39091.710    	  2443.6565    
  54.000000    	  55.000000    	  36474.767    	  2345.6160    
  55.000000    	  56.000000    	  35591.785    	  2323.9309    
  56.000000    	  57.000000    	  32395.752    	  2132.2084    
  57.000000    	  58.000000    	  34047.507    	  2383.7144    
  58.000000    	  59.000000    	  30151.362    	  2124.1287    
  59.000000    	  60.000000    	  27625.656    	  1919.5146    
  60.000000    	  61.000000    	  28105.968    	  1940.2598    
  61.000000    	  62.000000    	  25219.450    	  1726.7757    
  62.000000    	  63.000000    	  24857.619    	  1980.3039    
  63.000000    	  64.000000    	  22896.992    	  1926.9558    
  64.000000    	  65.000000    	  22663.134    	  1842.0495    
  65.000000    	  66.000000    	  21932.082    	  1785.3743    
  66.000000    	  67.000000    	  18014.628    	  1496.5680    
  67.000000    	  68.000000    	  18457.641    	  1444.0052    
  68.000000    	  69.000000    	  17084.092    	  1382.7107    
  69.000000    	  70.000000    	  17636.706    	  1798.1045    
  70.000000    	  71.000000    	  15099.178    	  1561.0611    
  71.000000    	  72.000000    	  12135.440    	  1166.6013    
  72.000000    	  73.000000    	  14536.807    	  1459.0994    
  73.000000    	  74.000000    	  13561.443    	  1394.0019    
  74.000000    	  75.000000    	  10351.559    	  977.25249    
  75.000000    	  76.000000    	  11789.326    	  1138.8910    
  76.000000    	  77.000000    	  11882.895    	  1186.1386    
  77.000000    	  78.000000    	  8748.1642    	  771.83522    
  78.000000    	  79.000000    	  8771.6987    	  823.16885    
  79.000000    	  80.000000    	  9129.7560    	  910.82456    
  80.000000    	  81.000000    	  6247.7478    	  139.69379    
  81.000000    	  82.000000    	  5788.3326    	  134.23361    
  82.000000    	  83.000000    	  5553.9414    	  133.69851    
  83.000000    	  84.000000    	  5448.1909    	  136.01482    
  84.000000    	  85.000000    	  5219.9347    	  121.82302    
  85.000000    	  86.000000    	  4944.6827    	  124.42881    
  86.000000    	  87.000000    	  4903.3628    	  118.46256    
  87.000000    	  88.000000    	  4628.7548    	  111.00005    
  88.000000    	  89.000000    	  4467.1677    	  110.72828    
  89.000000    	  90.000000    	  4154.9199    	  105.16371    
  90.000000    	  91.000000    	  4362.7066    	  100.48269    
  91.000000    	  92.000000    	  3859.6346    	  102.81692    
  92.000000    	  93.000000    	  3898.0401    	  98.772364    
  93.000000    	  94.000000    	  3704.1303    	  92.861189    
  94.000000    	  95.000000    	  3610.0828    	  95.472510    
  95.000000    	  96.000000    	  3483.5309    	  97.544533    
  96.000000    	  97.000000    	  3414.1664    	  87.420039    
  97.000000    	  98.000000    	  3044.3947    	  85.220797    
  98.000000    	  99.000000    	  3215.3797    	  87.241807    
  99.000000    	  100.00000    	  2967.7265    	  84.630030    
