# pt34_17   
# underflow	  0.0000000    	  0.0000000    
# overflow	  445.72689    	  9.1023942    
# sum	  349162.83    	  11913.390    
# xmin	xmax	cross	numerror
  0.0000000    	  1.0000000    	  4765.8211    	  1219.2185    
  1.0000000    	  2.0000000    	  18764.933    	  4681.8681    
  2.0000000    	  3.0000000    	  27964.851    	  3999.5402    
  3.0000000    	  4.0000000    	  32097.460    	  3898.1365    
  4.0000000    	  5.0000000    	  27925.043    	  3464.1299    
  5.0000000    	  6.0000000    	  20223.116    	  2728.0495    
  6.0000000    	  7.0000000    	  25450.516    	  3024.4856    
  7.0000000    	  8.0000000    	  21773.279    	  2780.8802    
  8.0000000    	  9.0000000    	  13709.214    	  2038.6460    
  9.0000000    	  10.000000    	  13823.593    	  2110.2877    
  10.000000    	  11.000000    	  16616.731    	  2413.9278    
  11.000000    	  12.000000    	  14021.189    	  2088.9016    
  12.000000    	  13.000000    	  12251.344    	  1847.5085    
  13.000000    	  14.000000    	  11578.184    	  1913.1382    
  14.000000    	  15.000000    	  9551.4756    	  1685.6744    
  15.000000    	  16.000000    	  3279.5873    	  1014.3214    
  16.000000    	  17.000000    	  3729.5015    	  889.11605    
  17.000000    	  18.000000    	  2336.3679    	  765.09434    
  18.000000    	  19.000000    	  4734.5982    	  1041.3198    
  19.000000    	  20.000000    	  4249.5845    	  915.20310    
  20.000000    	  21.000000    	  3801.4004    	  871.14166    
  21.000000    	  22.000000    	  2518.8198    	  685.16932    
  22.000000    	  23.000000    	  3592.2897    	  916.16343    
  23.000000    	  24.000000    	  1034.0235    	  444.88614    
  24.000000    	  25.000000    	  994.32639    	  401.10908    
  25.000000    	  26.000000    	  2562.7188    	  553.26790    
  26.000000    	  27.000000    	  2674.8300    	  510.95545    
  27.000000    	  28.000000    	  3049.8053    	  660.33094    
  28.000000    	  29.000000    	  1709.7348    	  435.15893    
  29.000000    	  30.000000    	  1983.1784    	  573.50915    
  30.000000    	  31.000000    	  1170.9425    	  518.41523    
  31.000000    	  32.000000    	  1313.2494    	  399.54514    
  32.000000    	  33.000000    	  1709.1467    	  332.85705    
  33.000000    	  34.000000    	  783.15779    	  286.58399    
  34.000000    	  35.000000    	  1606.5086    	  395.69924    
  35.000000    	  36.000000    	  847.66724    	  268.15239    
  36.000000    	  37.000000    	  2855.3831    	  866.40457    
  37.000000    	  38.000000    	  576.16651    	  156.62993    
  38.000000    	  39.000000    	  1217.9290    	  300.46450    
  39.000000    	  40.000000    	  1152.8558    	  261.21621    
  40.000000    	  41.000000    	  758.50742    	  248.48449    
  41.000000    	  42.000000    	  1125.3281    	  268.56180    
  42.000000    	  43.000000    	  998.99852    	  227.50888    
  43.000000    	  44.000000    	  691.95419    	  260.67924    
  44.000000    	  45.000000    	  805.18526    	  172.20567    
  45.000000    	  46.000000    	  781.46749    	  188.58155    
  46.000000    	  47.000000    	  683.48589    	  125.36031    
  47.000000    	  48.000000    	  2735.0100    	  1094.1890    
  48.000000    	  49.000000    	  821.63925    	  216.75389    
  49.000000    	  50.000000    	  632.92262    	  115.64247    
  50.000000    	  51.000000    	  926.54988    	  196.58559    
  51.000000    	  52.000000    	  617.42921    	  146.99633    
  52.000000    	  53.000000    	  1308.6057    	  536.99665    
  53.000000    	  54.000000    	  1173.9265    	  380.70536    
  54.000000    	  55.000000    	  1284.6369    	  455.21342    
  55.000000    	  56.000000    	  588.65219    	  227.50575    
  56.000000    	  57.000000    	  485.92715    	  75.828604    
  57.000000    	  58.000000    	  722.34764    	  260.87588    
  58.000000    	  59.000000    	  1140.6369    	  672.95251    
  59.000000    	  60.000000    	  2092.3575    	  1047.6275    
  60.000000    	  61.000000    	  375.03543    	  61.244060    
  61.000000    	  62.000000    	  572.20255    	  211.68240    
  62.000000    	  63.000000    	  421.79525    	  80.405406    
  63.000000    	  64.000000    	  411.22350    	  112.89471    
  64.000000    	  65.000000    	  278.02269    	  325.87198    
  65.000000    	  66.000000    	  308.22192    	  120.09182    
  66.000000    	  67.000000    	 -1272.8300    	  1758.5946    
  67.000000    	  68.000000    	  212.49412    	  31.072962    
  68.000000    	  69.000000    	  288.32134    	  56.715242    
  69.000000    	  70.000000    	  395.28223    	  197.25277    
  70.000000    	  71.000000    	  252.20996    	  64.606207    
  71.000000    	  72.000000    	  195.08525    	  35.226608    
  72.000000    	  73.000000    	 -113.56640    	  294.08815    
  73.000000    	  74.000000    	 -174.05535    	  463.16752    
  74.000000    	  75.000000    	 -1920.4604    	  2081.8043    
  75.000000    	  76.000000    	  280.79141    	  92.819924    
  76.000000    	  77.000000    	  205.49431    	  138.71201    
  77.000000    	  78.000000    	  206.39213    	  511.94091    
  78.000000    	  79.000000    	  244.90649    	  97.319588    
  79.000000    	  80.000000    	  119.86130    	  24.468098    
  80.000000    	  81.000000    	  99.193568    	  11.124502    
  81.000000    	  82.000000    	  86.741629    	  9.3832502    
  82.000000    	  83.000000    	  84.344255    	  9.3158211    
  83.000000    	  84.000000    	  69.107599    	  9.1437111    
  84.000000    	  85.000000    	  89.366295    	  8.0832822    
  85.000000    	  86.000000    	  56.867837    	  8.5063873    
  86.000000    	  87.000000    	  59.229463    	  8.0255402    
  87.000000    	  88.000000    	  52.090106    	  7.3559500    
  88.000000    	  89.000000    	  48.659304    	  7.5318223    
  89.000000    	  90.000000    	  46.486383    	  6.3510799    
  90.000000    	  91.000000    	  55.168740    	  6.6140237    
  91.000000    	  92.000000    	  38.404039    	  6.6620411    
  92.000000    	  93.000000    	  39.762978    	  5.9432787    
  93.000000    	  94.000000    	  32.465080    	  4.8669473    
  94.000000    	  95.000000    	  52.539746    	  5.7628002    
  95.000000    	  96.000000    	  30.874365    	  4.3581447    
  96.000000    	  97.000000    	  26.134999    	  4.0344527    
  97.000000    	  98.000000    	  27.922492    	  3.9023641    
  98.000000    	  99.000000    	  32.895509    	  4.3773704    
  99.000000    	  100.00000    	  26.326572    	  3.9646254    
