# pt34_6    
# underflow	  0.0000000    	  0.0000000    
# overflow	  0.0000000    	  0.0000000    
# sum	 -875665.88    	  5214.4833    
# xmin	xmax	cross	numerror
  0.0000000    	  1.0000000    	  0.0000000    	  0.0000000    
  1.0000000    	  2.0000000    	 -52514.186    	  1185.6783    
  2.0000000    	  3.0000000    	 -90383.568    	  1596.4848    
  3.0000000    	  4.0000000    	 -79950.253    	  1534.3674    
  4.0000000    	  5.0000000    	 -66497.473    	  1414.2581    
  5.0000000    	  6.0000000    	 -56919.501    	  1319.2139    
  6.0000000    	  7.0000000    	 -48163.909    	  1218.1653    
  7.0000000    	  8.0000000    	 -42089.725    	  1143.2816    
  8.0000000    	  9.0000000    	 -36428.272    	  1067.3441    
  9.0000000    	  10.000000    	 -32310.393    	  1006.9687    
  10.000000    	  11.000000    	 -28548.523    	  947.73194    
  11.000000    	  12.000000    	 -25432.905    	  897.88939    
  12.000000    	  13.000000    	 -22815.575    	  853.72469    
  13.000000    	  14.000000    	 -21036.608    	  817.50239    
  14.000000    	  15.000000    	 -18910.369    	  779.38203    
  15.000000    	  16.000000    	 -17298.708    	  744.72663    
  16.000000    	  17.000000    	 -15284.408    	  703.23217    
  17.000000    	  18.000000    	 -15015.322    	  696.52100    
  18.000000    	  19.000000    	 -12941.647    	  647.03601    
  19.000000    	  20.000000    	 -12479.462    	  636.77451    
  20.000000    	  21.000000    	 -11244.269    	  607.02116    
  21.000000    	  22.000000    	 -10597.672    	  589.10076    
  22.000000    	  23.000000    	 -9937.7131    	  571.02790    
  23.000000    	  24.000000    	 -8533.0167    	  527.95139    
  24.000000    	  25.000000    	 -8718.4389    	  534.77443    
  25.000000    	  26.000000    	 -7706.0776    	  504.06546    
  26.000000    	  27.000000    	 -7289.8766    	  490.59892    
  27.000000    	  28.000000    	 -6732.7080    	  473.84091    
  28.000000    	  29.000000    	 -6812.7516    	  476.40589    
  29.000000    	  30.000000    	 -5779.8855    	  436.71639    
  30.000000    	  31.000000    	 -5727.8102    	  441.28586    
  31.000000    	  32.000000    	 -5703.8975    	  432.36919    
  32.000000    	  33.000000    	 -5014.3818    	  413.68523    
  33.000000    	  34.000000    	 -4791.1720    	  398.22589    
  34.000000    	  35.000000    	 -4360.9958    	  388.15722    
  35.000000    	  36.000000    	 -4407.7895    	  381.27394    
  36.000000    	  37.000000    	 -4212.9662    	  384.63233    
  37.000000    	  38.000000    	 -3781.1345    	  352.71345    
  38.000000    	  39.000000    	 -3649.3075    	  357.08917    
  39.000000    	  40.000000    	 -3346.0443    	  339.81638    
  40.000000    	  41.000000    	 -3566.8844    	  343.28738    
  41.000000    	  42.000000    	 -2977.3141    	  325.76356    
  42.000000    	  43.000000    	 -3066.0498    	  329.38278    
  43.000000    	  44.000000    	 -2632.1246    	  295.99783    
  44.000000    	  45.000000    	 -2732.2911    	  304.95767    
  45.000000    	  46.000000    	 -2267.8352    	  288.79496    
  46.000000    	  47.000000    	 -2421.4230    	  290.94794    
  47.000000    	  48.000000    	 -2140.2380    	  269.39916    
  48.000000    	  49.000000    	 -2174.1893    	  264.64455    
  49.000000    	  50.000000    	 -2078.1960    	  283.25570    
  50.000000    	  51.000000    	 -1912.0714    	  268.23059    
  51.000000    	  52.000000    	 -1902.3085    	  258.05486    
  52.000000    	  53.000000    	 -1760.5967    	  244.67139    
  53.000000    	  54.000000    	 -1423.6562    	  211.07797    
  54.000000    	  55.000000    	 -1174.5745    	  195.53574    
  55.000000    	  56.000000    	 -1277.3249    	  232.01617    
  56.000000    	  57.000000    	 -1409.6791    	  234.91593    
  57.000000    	  58.000000    	 -1094.5012    	  201.40280    
  58.000000    	  59.000000    	 -1294.6020    	  215.14625    
  59.000000    	  60.000000    	 -1072.2414    	  192.71290    
  60.000000    	  61.000000    	 -1222.7423    	  198.09228    
  61.000000    	  62.000000    	 -939.37792    	  168.02333    
  62.000000    	  63.000000    	 -934.71952    	  163.42293    
  63.000000    	  64.000000    	 -398.64114    	  171.47291    
  64.000000    	  65.000000    	 -743.20530    	  194.81118    
  65.000000    	  66.000000    	 -730.86631    	  183.61822    
  66.000000    	  67.000000    	 -827.80988    	  204.89224    
  67.000000    	  68.000000    	 -661.16937    	  166.94249    
  68.000000    	  69.000000    	 -632.61718    	  168.25393    
  69.000000    	  70.000000    	 -742.51958    	  166.02249    
  70.000000    	  71.000000    	 -510.43000    	  148.51871    
  71.000000    	  72.000000    	 -508.25289    	  141.65836    
  72.000000    	  73.000000    	 -462.09924    	  124.92508    
  73.000000    	  74.000000    	 -492.68651    	  123.61104    
  74.000000    	  75.000000    	 -405.49080    	  101.75081    
  75.000000    	  76.000000    	 -367.28102    	  93.983293    
  76.000000    	  77.000000    	 -362.53717    	  88.772996    
  77.000000    	  78.000000    	 -393.05843    	  100.94459    
  78.000000    	  79.000000    	 -309.18654    	  96.337024    
  79.000000    	  80.000000    	 -274.36921    	  71.454992    
  80.000000    	  81.000000    	  0.0000000    	  0.0000000    
  81.000000    	  82.000000    	  0.0000000    	  0.0000000    
  82.000000    	  83.000000    	  0.0000000    	  0.0000000    
  83.000000    	  84.000000    	  0.0000000    	  0.0000000    
  84.000000    	  85.000000    	  0.0000000    	  0.0000000    
  85.000000    	  86.000000    	  0.0000000    	  0.0000000    
  86.000000    	  87.000000    	  0.0000000    	  0.0000000    
  87.000000    	  88.000000    	  0.0000000    	  0.0000000    
  88.000000    	  89.000000    	  0.0000000    	  0.0000000    
  89.000000    	  90.000000    	  0.0000000    	  0.0000000    
  90.000000    	  91.000000    	  0.0000000    	  0.0000000    
  91.000000    	  92.000000    	  0.0000000    	  0.0000000    
  92.000000    	  93.000000    	  0.0000000    	  0.0000000    
  93.000000    	  94.000000    	  0.0000000    	  0.0000000    
  94.000000    	  95.000000    	  0.0000000    	  0.0000000    
  95.000000    	  96.000000    	  0.0000000    	  0.0000000    
  96.000000    	  97.000000    	  0.0000000    	  0.0000000    
  97.000000    	  98.000000    	  0.0000000    	  0.0000000    
  98.000000    	  99.000000    	  0.0000000    	  0.0000000    
  99.000000    	  100.00000    	  0.0000000    	  0.0000000    
