# pt34_11   
# underflow	  0.0000000    	  0.0000000    
# overflow	  6467.5153    	  84.902674    
# sum	  735414.22    	  3936.5841    
# xmin	xmax	cross	numerror
  0.0000000    	  1.0000000    	  0.0000000    	  0.0000000    
  1.0000000    	  2.0000000    	  61362.513    	  2656.2910    
  2.0000000    	  3.0000000    	  81017.688    	  1522.2321    
  3.0000000    	  4.0000000    	  66436.836    	  1138.7178    
  4.0000000    	  5.0000000    	  56742.750    	  918.14220    
  5.0000000    	  6.0000000    	  45761.294    	  735.45065    
  6.0000000    	  7.0000000    	  39183.330    	  660.44585    
  7.0000000    	  8.0000000    	  32552.043    	  608.63079    
  8.0000000    	  9.0000000    	  29857.491    	  540.17733    
  9.0000000    	  10.000000    	  24662.821    	  488.55611    
  10.000000    	  11.000000    	  22138.341    	  456.81356    
  11.000000    	  12.000000    	  19564.295    	  431.43721    
  12.000000    	  13.000000    	  17754.448    	  384.88149    
  13.000000    	  14.000000    	  15824.483    	  379.88070    
  14.000000    	  15.000000    	  14497.412    	  362.44565    
  15.000000    	  16.000000    	  13014.066    	  353.02906    
  16.000000    	  17.000000    	  12186.250    	  325.82849    
  17.000000    	  18.000000    	  10740.121    	  272.27365    
  18.000000    	  19.000000    	  10277.414    	  271.98694    
  19.000000    	  20.000000    	  9226.6797    	  270.96913    
  20.000000    	  21.000000    	  7912.8888    	  254.27682    
  21.000000    	  22.000000    	  8105.1677    	  227.69297    
  22.000000    	  23.000000    	  7269.2801    	  221.25792    
  23.000000    	  24.000000    	  6828.0143    	  232.59137    
  24.000000    	  25.000000    	  6694.1439    	  219.53741    
  25.000000    	  26.000000    	  5720.7703    	  198.99827    
  26.000000    	  27.000000    	  5706.3475    	  183.44629    
  27.000000    	  28.000000    	  5251.6244    	  174.24517    
  28.000000    	  29.000000    	  4829.7331    	  172.45773    
  29.000000    	  30.000000    	  4687.6247    	  163.66254    
  30.000000    	  31.000000    	  4235.3911    	  162.35571    
  31.000000    	  32.000000    	  3980.6017    	  156.56294    
  32.000000    	  33.000000    	  3683.7873    	  145.60721    
  33.000000    	  34.000000    	  3875.0077    	  143.50104    
  34.000000    	  35.000000    	  3018.0911    	  136.01855    
  35.000000    	  36.000000    	  3237.4544    	  133.57979    
  36.000000    	  37.000000    	  2893.0989    	  136.16193    
  37.000000    	  38.000000    	  3044.1376    	  135.36920    
  38.000000    	  39.000000    	  2774.8574    	  120.28665    
  39.000000    	  40.000000    	  2386.3480    	  118.19557    
  40.000000    	  41.000000    	  2584.3893    	  110.28648    
  41.000000    	  42.000000    	  2276.9479    	  101.95244    
  42.000000    	  43.000000    	  2245.7323    	  106.76296    
  43.000000    	  44.000000    	  1872.8593    	  111.70156    
  44.000000    	  45.000000    	  1999.9753    	  108.62232    
  45.000000    	  46.000000    	  1911.0842    	  98.844105    
  46.000000    	  47.000000    	  1883.2597    	  98.037904    
  47.000000    	  48.000000    	  1747.1867    	  83.917476    
  48.000000    	  49.000000    	  1565.7530    	  77.751751    
  49.000000    	  50.000000    	  1378.7618    	  75.562356    
  50.000000    	  51.000000    	  1525.2532    	  79.733014    
  51.000000    	  52.000000    	  1383.8215    	  78.137898    
  52.000000    	  53.000000    	  1315.2373    	  72.446422    
  53.000000    	  54.000000    	  1249.8105    	  71.963463    
  54.000000    	  55.000000    	  1301.5401    	  72.807833    
  55.000000    	  56.000000    	  1158.5515    	  72.721482    
  56.000000    	  57.000000    	  1047.3554    	  68.385613    
  57.000000    	  58.000000    	  1108.1763    	  64.147951    
  58.000000    	  59.000000    	  996.49057    	  65.027243    
  59.000000    	  60.000000    	  937.46094    	  60.653199    
  60.000000    	  61.000000    	  897.29354    	  58.599991    
  61.000000    	  62.000000    	  968.24954    	  52.916948    
  62.000000    	  63.000000    	  838.66010    	  51.297787    
  63.000000    	  64.000000    	  799.32703    	  53.726868    
  64.000000    	  65.000000    	  752.14621    	  52.827909    
  65.000000    	  66.000000    	  795.79396    	  49.550730    
  66.000000    	  67.000000    	  637.50110    	  49.319887    
  67.000000    	  68.000000    	  621.24951    	  48.789862    
  68.000000    	  69.000000    	  721.41865    	  51.726944    
  69.000000    	  70.000000    	  612.77077    	  52.144736    
  70.000000    	  71.000000    	  612.28780    	  49.301132    
  71.000000    	  72.000000    	  521.70708    	  49.164613    
  72.000000    	  73.000000    	  579.05198    	  47.500981    
  73.000000    	  74.000000    	  515.60056    	  41.690016    
  74.000000    	  75.000000    	  490.18240    	  42.029318    
  75.000000    	  76.000000    	  503.62820    	  41.956358    
  76.000000    	  77.000000    	  507.94277    	  39.519168    
  77.000000    	  78.000000    	  465.92212    	  42.572648    
  78.000000    	  79.000000    	  493.24192    	  38.967213    
  79.000000    	  80.000000    	  391.67409    	  35.294369    
  80.000000    	  81.000000    	  409.75833    	  34.784243    
  81.000000    	  82.000000    	  406.50985    	  33.535097    
  82.000000    	  83.000000    	  355.10820    	  32.392010    
  83.000000    	  84.000000    	  370.66196    	  30.232492    
  84.000000    	  85.000000    	  358.18822    	  28.194956    
  85.000000    	  86.000000    	  345.21605    	  29.543917    
  86.000000    	  87.000000    	  302.73573    	  26.337178    
  87.000000    	  88.000000    	  290.74440    	  24.322602    
  88.000000    	  89.000000    	  351.77723    	  25.629035    
  89.000000    	  90.000000    	  284.77684    	  24.257949    
  90.000000    	  91.000000    	  252.70141    	  24.800677    
  91.000000    	  92.000000    	  226.07733    	  24.416468    
  92.000000    	  93.000000    	  268.32897    	  22.304089    
  93.000000    	  94.000000    	  241.41697    	  23.866246    
  94.000000    	  95.000000    	  260.30205    	  23.328219    
  95.000000    	  96.000000    	  253.55275    	  21.243645    
  96.000000    	  97.000000    	  239.10864    	  20.470811    
  97.000000    	  98.000000    	  214.83641    	  19.556570    
  98.000000    	  99.000000    	  164.08554    	  19.102844    
  99.000000    	  100.00000    	  200.87140    	  19.075709    
