# pt34_3    
# underflow	  0.0000000    	  0.0000000    
# overflow	  10416.107    	  107.69013    
# sum	  887018.99    	  4084.7335    
# xmin	xmax	cross	numerror
  0.0000000    	  1.0000000    	  0.0000000    	  0.0000000    
  1.0000000    	  2.0000000    	  52988.933    	  2735.5474    
  2.0000000    	  3.0000000    	  86868.480    	  1459.7842    
  3.0000000    	  4.0000000    	  77697.858    	  1174.4477    
  4.0000000    	  5.0000000    	  66084.434    	  1001.5751    
  5.0000000    	  6.0000000    	  56520.312    	  806.64440    
  6.0000000    	  7.0000000    	  47986.833    	  733.33089    
  7.0000000    	  8.0000000    	  40472.353    	  693.20910    
  8.0000000    	  9.0000000    	  35467.059    	  588.55933    
  9.0000000    	  10.000000    	  31813.574    	  515.79323    
  10.000000    	  11.000000    	  28053.972    	  468.37988    
  11.000000    	  12.000000    	  24269.001    	  445.50366    
  12.000000    	  13.000000    	  22638.073    	  424.69185    
  13.000000    	  14.000000    	  20455.762    	  386.18863    
  14.000000    	  15.000000    	  18254.219    	  352.76209    
  15.000000    	  16.000000    	  16786.806    	  328.33292    
  16.000000    	  17.000000    	  15185.697    	  321.75429    
  17.000000    	  18.000000    	  13814.440    	  309.90398    
  18.000000    	  19.000000    	  13265.739    	  296.51397    
  19.000000    	  20.000000    	  11648.342    	  293.48485    
  20.000000    	  21.000000    	  11516.695    	  275.42964    
  21.000000    	  22.000000    	  9979.1671    	  257.65054    
  22.000000    	  23.000000    	  9458.2560    	  247.03503    
  23.000000    	  24.000000    	  8834.3712    	  230.70629    
  24.000000    	  25.000000    	  8443.6725    	  219.47469    
  25.000000    	  26.000000    	  7929.8296    	  214.57034    
  26.000000    	  27.000000    	  6990.3494    	  210.30317    
  27.000000    	  28.000000    	  6927.3056    	  201.29612    
  28.000000    	  29.000000    	  6280.3195    	  185.25244    
  29.000000    	  30.000000    	  6147.5936    	  187.31517    
  30.000000    	  31.000000    	  5775.5192    	  187.97075    
  31.000000    	  32.000000    	  5171.4310    	  169.61864    
  32.000000    	  33.000000    	  4959.7800    	  163.24022    
  33.000000    	  34.000000    	  4814.0774    	  161.83291    
  34.000000    	  35.000000    	  4535.3319    	  154.05044    
  35.000000    	  36.000000    	  4123.9160    	  151.39045    
  36.000000    	  37.000000    	  3782.1767    	  151.48080    
  37.000000    	  38.000000    	  4002.6272    	  154.54163    
  38.000000    	  39.000000    	  3390.2719    	  143.87484    
  39.000000    	  40.000000    	  3675.0043    	  131.20033    
  40.000000    	  41.000000    	  3244.0572    	  128.14636    
  41.000000    	  42.000000    	  3037.1812    	  130.21933    
  42.000000    	  43.000000    	  3069.9760    	  121.08666    
  43.000000    	  44.000000    	  2751.3868    	  118.31290    
  44.000000    	  45.000000    	  2538.5202    	  114.23231    
  45.000000    	  46.000000    	  2731.8186    	  109.82450    
  46.000000    	  47.000000    	  2502.0928    	  104.38015    
  47.000000    	  48.000000    	  2410.3932    	  107.95160    
  48.000000    	  49.000000    	  2100.9430    	  108.57269    
  49.000000    	  50.000000    	  2156.5712    	  97.757177    
  50.000000    	  51.000000    	  2105.3808    	  95.397821    
  51.000000    	  52.000000    	  1929.3818    	  93.974918    
  52.000000    	  53.000000    	  1654.6140    	  88.856427    
  53.000000    	  54.000000    	  1924.7701    	  84.125233    
  54.000000    	  55.000000    	  1635.2399    	  82.735513    
  55.000000    	  56.000000    	  1557.8459    	  80.916228    
  56.000000    	  57.000000    	  1561.0860    	  82.480555    
  57.000000    	  58.000000    	  1500.0713    	  78.909967    
  58.000000    	  59.000000    	  1417.3677    	  75.938030    
  59.000000    	  60.000000    	  1355.5087    	  73.038626    
  60.000000    	  61.000000    	  1430.9922    	  70.978148    
  61.000000    	  62.000000    	  1189.3549    	  70.449670    
  62.000000    	  63.000000    	  1158.0936    	  65.781911    
  63.000000    	  64.000000    	  1078.4849    	  66.848282    
  64.000000    	  65.000000    	  1106.5378    	  64.635609    
  65.000000    	  66.000000    	  984.19214    	  58.438029    
  66.000000    	  67.000000    	  951.71738    	  56.610537    
  67.000000    	  68.000000    	  1034.4013    	  58.123338    
  68.000000    	  69.000000    	  918.27962    	  57.274043    
  69.000000    	  70.000000    	  906.42844    	  57.968169    
  70.000000    	  71.000000    	  820.06389    	  58.044452    
  71.000000    	  72.000000    	  841.20214    	  55.937155    
  72.000000    	  73.000000    	  745.64675    	  55.228944    
  73.000000    	  74.000000    	  809.13205    	  53.426059    
  74.000000    	  75.000000    	  761.06152    	  52.009958    
  75.000000    	  76.000000    	  679.85789    	  48.607819    
  76.000000    	  77.000000    	  714.74289    	  48.857958    
  77.000000    	  78.000000    	  654.24958    	  49.831955    
  78.000000    	  79.000000    	  585.94897    	  45.263920    
  79.000000    	  80.000000    	  626.17908    	  43.615878    
  80.000000    	  81.000000    	  583.04824    	  43.870540    
  81.000000    	  82.000000    	  586.36713    	  40.897176    
  82.000000    	  83.000000    	  526.27576    	  40.249870    
  83.000000    	  84.000000    	  520.75734    	  38.067486    
  84.000000    	  85.000000    	  459.75096    	  36.325612    
  85.000000    	  86.000000    	  455.87154    	  36.212470    
  86.000000    	  87.000000    	  495.89420    	  34.765582    
  87.000000    	  88.000000    	  504.12740    	  34.118882    
  88.000000    	  89.000000    	  455.11004    	  35.827694    
  89.000000    	  90.000000    	  400.50791    	  32.874309    
  90.000000    	  91.000000    	  437.28306    	  31.076416    
  91.000000    	  92.000000    	  393.53706    	  29.362251    
  92.000000    	  93.000000    	  366.72711    	  29.803638    
  93.000000    	  94.000000    	  372.52986    	  29.788249    
  94.000000    	  95.000000    	  324.16847    	  26.822591    
  95.000000    	  96.000000    	  316.67273    	  26.703530    
  96.000000    	  97.000000    	  322.63510    	  26.729773    
  97.000000    	  98.000000    	  311.30965    	  24.991029    
  98.000000    	  99.000000    	  288.98642    	  24.251821    
  99.000000    	  100.00000    	  290.96385    	  23.637872    
