# pt34_17   
# underflow	  0.0000000    	  0.0000000    
# overflow	  446.54905    	  9.2006320    
# sum	  351223.12    	  11687.565    
# xmin	xmax	cross	numerror
  0.0000000    	  1.0000000    	  4686.5854    	  1212.9951    
  1.0000000    	  2.0000000    	  19418.183    	  4693.7192    
  2.0000000    	  3.0000000    	  29046.924    	  3809.8065    
  3.0000000    	  4.0000000    	  28555.576    	  3776.7638    
  4.0000000    	  5.0000000    	  29073.299    	  3518.9023    
  5.0000000    	  6.0000000    	  23626.845    	  3025.6149    
  6.0000000    	  7.0000000    	  24252.731    	  3079.5890    
  7.0000000    	  8.0000000    	  22807.903    	  2835.9161    
  8.0000000    	  9.0000000    	  20201.337    	  2690.2770    
  9.0000000    	  10.000000    	  13923.973    	  2043.5623    
  10.000000    	  11.000000    	  10358.913    	  1800.3679    
  11.000000    	  12.000000    	  11300.792    	  1786.1254    
  12.000000    	  13.000000    	  8384.7034    	  1521.9185    
  13.000000    	  14.000000    	  7229.1645    	  1350.5325    
  14.000000    	  15.000000    	  4860.9011    	  1165.1551    
  15.000000    	  16.000000    	  5453.9669    	  1181.9154    
  16.000000    	  17.000000    	  9354.5078    	  1607.4110    
  17.000000    	  18.000000    	  2768.0237    	  837.28220    
  18.000000    	  19.000000    	  2919.0329    	  748.57424    
  19.000000    	  20.000000    	  3905.5988    	  915.57624    
  20.000000    	  21.000000    	  3104.4790    	  809.41175    
  21.000000    	  22.000000    	  3230.9667    	  861.77923    
  22.000000    	  23.000000    	  2487.2767    	  694.49397    
  23.000000    	  24.000000    	  5816.0733    	  1254.1190    
  24.000000    	  25.000000    	  926.25473    	  406.42749    
  25.000000    	  26.000000    	  4933.0361    	  952.56451    
  26.000000    	  27.000000    	  2069.1182    	  375.90928    
  27.000000    	  28.000000    	  3348.5774    	  630.62843    
  28.000000    	  29.000000    	  1579.2134    	  429.19412    
  29.000000    	  30.000000    	  937.03091    	  374.19565    
  30.000000    	  31.000000    	  727.40110    	  381.67053    
  31.000000    	  32.000000    	  1232.0132    	  353.62778    
  32.000000    	  33.000000    	  2605.0395    	  583.23555    
  33.000000    	  34.000000    	  1031.2962    	  347.53849    
  34.000000    	  35.000000    	  1006.7398    	  257.99081    
  35.000000    	  36.000000    	  1546.3246    	  395.82753    
  36.000000    	  37.000000    	  967.35084    	  305.72627    
  37.000000    	  38.000000    	  2950.6897    	  889.69092    
  38.000000    	  39.000000    	  664.72542    	  148.95306    
  39.000000    	  40.000000    	  1246.1910    	  297.55236    
  40.000000    	  41.000000    	  1563.7577    	  466.59059    
  41.000000    	  42.000000    	  1169.9845    	  258.09992    
  42.000000    	  43.000000    	  1215.5926    	  267.06415    
  43.000000    	  44.000000    	  753.16360    	  238.98640    
  44.000000    	  45.000000    	  710.89919    	  253.33267    
  45.000000    	  46.000000    	  775.79863    	  167.25823    
  46.000000    	  47.000000    	  779.63696    	  179.25262    
  47.000000    	  48.000000    	  650.44159    	  127.51472    
  48.000000    	  49.000000    	  2902.4910    	  1112.9758    
  49.000000    	  50.000000    	  765.93828    	  217.38830    
  50.000000    	  51.000000    	  696.90933    	  121.88418    
  51.000000    	  52.000000    	  862.74296    	  208.96804    
  52.000000    	  53.000000    	  637.49504    	  153.31487    
  53.000000    	  54.000000    	  1348.9064    	  555.50868    
  54.000000    	  55.000000    	  1085.1310    	  426.50036    
  55.000000    	  56.000000    	  1411.9359    	  530.35940    
  56.000000    	  57.000000    	  207.16447    	  169.61153    
  57.000000    	  58.000000    	  504.39155    	  74.123160    
  58.000000    	  59.000000    	  764.99488    	  265.20463    
  59.000000    	  60.000000    	  1149.5708    	  729.50355    
  60.000000    	  61.000000    	  2204.7650    	  1125.2096    
  61.000000    	  62.000000    	  433.07898    	  68.445763    
  62.000000    	  63.000000    	  601.02238    	  241.51326    
  63.000000    	  64.000000    	  427.90257    	  120.50916    
  64.000000    	  65.000000    	  451.40043    	  117.98681    
  65.000000    	  66.000000    	  112.65156    	  210.12180    
  66.000000    	  67.000000    	  460.47982    	  111.18977    
  67.000000    	  68.000000    	 -801.37891    	  1018.2000    
  68.000000    	  69.000000    	  287.71583    	  45.935165    
  69.000000    	  70.000000    	  207.43824    	  30.705915    
  70.000000    	  71.000000    	  536.20968    	  338.57579    
  71.000000    	  72.000000    	  367.86465    	  99.982209    
  72.000000    	  73.000000    	 -4.2564787    	  165.67097    
  73.000000    	  74.000000    	  123.40920    	  179.21877    
  74.000000    	  75.000000    	 -1358.8755    	  1519.2262    
  75.000000    	  76.000000    	  257.47352    	  92.596051    
  76.000000    	  77.000000    	  245.88126    	  112.00142    
  77.000000    	  78.000000    	  288.42995    	  428.82713    
  78.000000    	  79.000000    	  295.04690    	  96.901002    
  79.000000    	  80.000000    	  135.15736    	  23.493527    
  80.000000    	  81.000000    	  112.65039    	  11.092013    
  81.000000    	  82.000000    	  69.393245    	  10.688620    
  82.000000    	  83.000000    	  75.711274    	  9.1352663    
  83.000000    	  84.000000    	  81.189055    	  10.933930    
  84.000000    	  85.000000    	  64.054035    	  10.506925    
  85.000000    	  86.000000    	  51.247318    	  8.0562096    
  86.000000    	  87.000000    	  81.285178    	  8.0531691    
  87.000000    	  88.000000    	  46.730819    	  7.2180707    
  88.000000    	  89.000000    	  50.109156    	  6.8642752    
  89.000000    	  90.000000    	  41.501250    	  6.3570254    
  90.000000    	  91.000000    	  45.408995    	  6.3951173    
  91.000000    	  92.000000    	  45.457722    	  6.5871580    
  92.000000    	  93.000000    	  38.614964    	  7.9673796    
  93.000000    	  94.000000    	  24.585759    	  6.5206391    
  94.000000    	  95.000000    	  37.377344    	  3.8641867    
  95.000000    	  96.000000    	  31.751017    	  4.3416052    
  96.000000    	  97.000000    	  28.563236    	  4.2505325    
  97.000000    	  98.000000    	  27.546865    	  4.2355225    
  98.000000    	  99.000000    	  26.501800    	  4.0444717    
  99.000000    	  100.00000    	  29.770112    	  3.8800576    
