# pt34_14   
# underflow	  0.0000000    	  0.0000000    
# overflow	  2917.5271    	  52.322813    
# sum	  1117023.6    	  11172.900    
# xmin	xmax	cross	numerror
  0.0000000    	  1.0000000    	  4621.8289    	  987.79525    
  1.0000000    	  2.0000000    	  158361.59    	  3561.8828    
  2.0000000    	  3.0000000    	  123610.92    	  2781.8107    
  3.0000000    	  4.0000000    	  101814.33    	  2850.6047    
  4.0000000    	  5.0000000    	  81547.763    	  2795.2191    
  5.0000000    	  6.0000000    	  67651.945    	  2609.9717    
  6.0000000    	  7.0000000    	  57195.748    	  2539.4565    
  7.0000000    	  8.0000000    	  48263.431    	  2292.6267    
  8.0000000    	  9.0000000    	  42569.450    	  2291.5513    
  9.0000000    	  10.000000    	  34744.978    	  2020.8622    
  10.000000    	  11.000000    	  32382.344    	  1820.9029    
  11.000000    	  12.000000    	  29692.111    	  1965.4406    
  12.000000    	  13.000000    	  23847.243    	  1532.0043    
  13.000000    	  14.000000    	  23606.054    	  1744.3170    
  14.000000    	  15.000000    	  20009.832    	  1393.2786    
  15.000000    	  16.000000    	  16780.758    	  1236.8073    
  16.000000    	  17.000000    	  16039.923    	  1223.2767    
  17.000000    	  18.000000    	  14634.318    	  1315.3504    
  18.000000    	  19.000000    	  14306.403    	  1273.1786    
  19.000000    	  20.000000    	  11995.545    	  1140.6794    
  20.000000    	  21.000000    	  9307.9099    	  791.82357    
  21.000000    	  22.000000    	  8614.5971    	  764.22858    
  22.000000    	  23.000000    	  7986.7939    	  731.39988    
  23.000000    	  24.000000    	  7264.8025    	  701.14996    
  24.000000    	  25.000000    	  9121.1984    	  972.99048    
  25.000000    	  26.000000    	  8334.4331    	  975.04495    
  26.000000    	  27.000000    	  5320.6639    	  533.20278    
  27.000000    	  28.000000    	  5241.0557    	  525.66585    
  28.000000    	  29.000000    	  6935.3609    	  958.62356    
  29.000000    	  30.000000    	  4562.5912    	  481.03241    
  30.000000    	  31.000000    	  4238.0796    	  503.71238    
  31.000000    	  32.000000    	  4818.4138    	  607.82011    
  32.000000    	  33.000000    	  3436.7233    	  420.85466    
  33.000000    	  34.000000    	  5240.4638    	  824.24705    
  34.000000    	  35.000000    	  5256.8803    	  867.35767    
  35.000000    	  36.000000    	  3943.5441    	  675.63179    
  36.000000    	  37.000000    	  4012.2457    	  721.93032    
  37.000000    	  38.000000    	  2775.5608    	  381.33180    
  38.000000    	  39.000000    	  3291.1450    	  652.14779    
  39.000000    	  40.000000    	  2796.3300    	  568.32809    
  40.000000    	  41.000000    	  3410.4841    	  587.95458    
  41.000000    	  42.000000    	  2730.4391    	  489.82390    
  42.000000    	  43.000000    	  2489.2353    	  457.00788    
  43.000000    	  44.000000    	  4101.6428    	  964.20169    
  44.000000    	  45.000000    	  2552.3382    	  618.75980    
  45.000000    	  46.000000    	  3258.2566    	  675.28039    
  46.000000    	  47.000000    	  2203.6629    	  584.69442    
  47.000000    	  48.000000    	  3553.7469    	  1287.4504    
  48.000000    	  49.000000    	  3153.4923    	  738.52707    
  49.000000    	  50.000000    	  2031.7984    	  660.61130    
  50.000000    	  51.000000    	  2561.2349    	  1040.2233    
  51.000000    	  52.000000    	  2014.1210    	  517.41926    
  52.000000    	  53.000000    	  1586.3101    	  542.28316    
  53.000000    	  54.000000    	  1662.2440    	  398.64597    
  54.000000    	  55.000000    	  2010.3471    	  524.33057    
  55.000000    	  56.000000    	  3715.7793    	  1901.5227    
  56.000000    	  57.000000    	  2708.7718    	  868.97649    
  57.000000    	  58.000000    	  2404.4889    	  949.51553    
  58.000000    	  59.000000    	  4807.9861    	  2490.3292    
  59.000000    	  60.000000    	  1679.1589    	  660.63584    
  60.000000    	  61.000000    	  1361.4685    	  481.99637    
  61.000000    	  62.000000    	  567.00536    	  79.870657    
  62.000000    	  63.000000    	  1112.3630    	  382.52378    
  63.000000    	  64.000000    	  1918.1851    	  871.38679    
  64.000000    	  65.000000    	  1181.4284    	  595.03105    
  65.000000    	  66.000000    	  1140.0489    	  403.65839    
  66.000000    	  67.000000    	  813.79700    	  286.31658    
  67.000000    	  68.000000    	  1120.1734    	  468.99242    
  68.000000    	  69.000000    	  1012.4824    	  477.75619    
  69.000000    	  70.000000    	  1619.6779    	  1250.5644    
  70.000000    	  71.000000    	  1141.2244    	  835.33084    
  71.000000    	  72.000000    	  1077.2821    	  751.16807    
  72.000000    	  73.000000    	  841.12706    	  512.10177    
  73.000000    	  74.000000    	  1742.4714    	  1462.1882    
  74.000000    	  75.000000    	  728.18598    	  323.83140    
  75.000000    	  76.000000    	  229.66861    	  36.906612    
  76.000000    	  77.000000    	  747.91049    	  412.55434    
  77.000000    	  78.000000    	  426.97271    	  135.81752    
  78.000000    	  79.000000    	  696.22718    	  387.66105    
  79.000000    	  80.000000    	  537.30040    	  314.83021    
  80.000000    	  81.000000    	  239.31485    	  26.015323    
  81.000000    	  82.000000    	  286.44271    	  25.355669    
  82.000000    	  83.000000    	  212.32410    	  24.376156    
  83.000000    	  84.000000    	  206.01983    	  22.190357    
  84.000000    	  85.000000    	  199.27430    	  21.187641    
  85.000000    	  86.000000    	  200.33264    	  21.560242    
  86.000000    	  87.000000    	  126.76489    	  18.845258    
  87.000000    	  88.000000    	  198.75528    	  18.087346    
  88.000000    	  89.000000    	  145.68261    	  16.887979    
  89.000000    	  90.000000    	  184.19109    	  17.612644    
  90.000000    	  91.000000    	  180.99768    	  16.975828    
  91.000000    	  92.000000    	  143.14144    	  14.939762    
  92.000000    	  93.000000    	  134.40361    	  15.699116    
  93.000000    	  94.000000    	  135.96568    	  14.252858    
  94.000000    	  95.000000    	  140.51557    	  13.368762    
  95.000000    	  96.000000    	  119.45568    	  14.315565    
  96.000000    	  97.000000    	  118.50884    	  15.225821    
  97.000000    	  98.000000    	  108.51885    	  13.832443    
  98.000000    	  99.000000    	  107.97600    	  11.981720    
  99.000000    	  100.00000    	  91.611397    	  12.015903    
