# pt34_10   
# underflow	  0.0000000    	  0.0000000    
# overflow	  0.0000000    	  0.0000000    
# sum	  581792.77    	  13758.358    
# xmin	xmax	cross	numerror
  0.0000000    	  1.0000000    	  790.58118    	  297.80340    
  1.0000000    	  2.0000000    	  21145.048    	  2253.2124    
  2.0000000    	  3.0000000    	  27783.007    	  2500.4749    
  3.0000000    	  4.0000000    	  32365.720    	  2722.6971    
  4.0000000    	  5.0000000    	  31291.518    	  2687.4069    
  5.0000000    	  6.0000000    	  28256.284    	  2422.4728    
  6.0000000    	  7.0000000    	  28155.969    	  2567.7533    
  7.0000000    	  8.0000000    	  26388.059    	  2467.9158    
  8.0000000    	  9.0000000    	  24307.763    	  2375.8956    
  9.0000000    	  10.000000    	  21285.728    	  2213.8899    
  10.000000    	  11.000000    	  21635.557    	  2280.8907    
  11.000000    	  12.000000    	  18333.549    	  2103.7379    
  12.000000    	  13.000000    	  17731.333    	  2055.3212    
  13.000000    	  14.000000    	  16311.981    	  1962.0276    
  14.000000    	  15.000000    	  14583.561    	  1839.4050    
  15.000000    	  16.000000    	  12504.361    	  1654.4486    
  16.000000    	  17.000000    	  12249.128    	  1637.0896    
  17.000000    	  18.000000    	  9401.3354    	  1427.5282    
  18.000000    	  19.000000    	  11521.182    	  1674.2292    
  19.000000    	  20.000000    	  9180.0968    	  1384.5202    
  20.000000    	  21.000000    	  8297.0242    	  1374.8344    
  21.000000    	  22.000000    	  7007.9434    	  1247.8807    
  22.000000    	  23.000000    	  7931.3171    	  1357.8986    
  23.000000    	  24.000000    	  6638.3977    	  1236.1560    
  24.000000    	  25.000000    	  6687.2018    	  1277.4682    
  25.000000    	  26.000000    	  6688.4935    	  1199.9864    
  26.000000    	  27.000000    	  6251.8074    	  1165.8109    
  27.000000    	  28.000000    	  4274.9169    	  985.05358    
  28.000000    	  29.000000    	  6164.4078    	  1169.0421    
  29.000000    	  30.000000    	  4769.9624    	  1047.2325    
  30.000000    	  31.000000    	  3126.3608    	  824.69054    
  31.000000    	  32.000000    	  4293.5932    	  1021.7064    
  32.000000    	  33.000000    	  3655.2861    	  881.75467    
  33.000000    	  34.000000    	  2902.0357    	  866.68079    
  34.000000    	  35.000000    	  3737.3024    	  946.14162    
  35.000000    	  36.000000    	  3602.2103    	  983.20446    
  36.000000    	  37.000000    	  2925.5370    	  951.14160    
  37.000000    	  38.000000    	  4365.2364    	  1064.8974    
  38.000000    	  39.000000    	  2616.8496    	  821.01368    
  39.000000    	  40.000000    	  2582.5746    	  797.42882    
  40.000000    	  41.000000    	  3069.1619    	  961.26219    
  41.000000    	  42.000000    	  3087.7953    	  965.91199    
  42.000000    	  43.000000    	  2720.9019    	  875.67060    
  43.000000    	  44.000000    	  3938.0399    	  1133.6169    
  44.000000    	  45.000000    	  2444.2762    	  833.03876    
  45.000000    	  46.000000    	  2991.1491    	  924.18490    
  46.000000    	  47.000000    	  3373.7829    	  1287.5461    
  47.000000    	  48.000000    	  2679.5521    	  1023.5289    
  48.000000    	  49.000000    	  2499.7704    	  815.71368    
  49.000000    	  50.000000    	  4252.7930    	  1716.2056    
  50.000000    	  51.000000    	  2348.5640    	  1025.8229    
  51.000000    	  52.000000    	  3143.1063    	  1356.5544    
  52.000000    	  53.000000    	  2259.4875    	  921.30260    
  53.000000    	  54.000000    	  2910.1048    	  1789.0132    
  54.000000    	  55.000000    	  2836.7549    	  1146.8513    
  55.000000    	  56.000000    	  3268.2295    	  1202.8828    
  56.000000    	  57.000000    	  2973.4063    	  1221.2158    
  57.000000    	  58.000000    	  1839.9782    	  898.58029    
  58.000000    	  59.000000    	  2178.3578    	  1027.6356    
  59.000000    	  60.000000    	  1778.2459    	  738.56891    
  60.000000    	  61.000000    	  2267.9573    	  1063.2120    
  61.000000    	  62.000000    	  1589.1013    	  731.44318    
  62.000000    	  63.000000    	  2630.9168    	  1557.2462    
  63.000000    	  64.000000    	  4567.6373    	  3264.9610    
  64.000000    	  65.000000    	  1982.9443    	  1448.2062    
  65.000000    	  66.000000    	  1806.1984    	  1094.2555    
  66.000000    	  67.000000    	  2565.2761    	  1079.7128    
  67.000000    	  68.000000    	  2846.5197    	  2122.3772    
  68.000000    	  69.000000    	  2204.4281    	  2204.4281    
  69.000000    	  70.000000    	  1748.9886    	  1240.3606    
  70.000000    	  71.000000    	  2475.5912    	  1458.0851    
  71.000000    	  72.000000    	  1749.4115    	  1749.4115    
  72.000000    	  73.000000    	  1758.4625    	  1758.4625    
  73.000000    	  74.000000    	  2486.5968    	  2486.5968    
  74.000000    	  75.000000    	  1572.6507    	  1142.9889    
  75.000000    	  76.000000    	  1954.5143    	  1135.6380    
  76.000000    	  77.000000    	  2174.5954    	  1325.5904    
  77.000000    	  78.000000    	  1662.4728    	  1662.4728    
  78.000000    	  79.000000    	  988.11429    	  573.22337    
  79.000000    	  80.000000    	  426.71338    	  578.36894    
  80.000000    	  81.000000    	  0.0000000    	  0.0000000    
  81.000000    	  82.000000    	  0.0000000    	  0.0000000    
  82.000000    	  83.000000    	  0.0000000    	  0.0000000    
  83.000000    	  84.000000    	  0.0000000    	  0.0000000    
  84.000000    	  85.000000    	  0.0000000    	  0.0000000    
  85.000000    	  86.000000    	  0.0000000    	  0.0000000    
  86.000000    	  87.000000    	  0.0000000    	  0.0000000    
  87.000000    	  88.000000    	  0.0000000    	  0.0000000    
  88.000000    	  89.000000    	  0.0000000    	  0.0000000    
  89.000000    	  90.000000    	  0.0000000    	  0.0000000    
  90.000000    	  91.000000    	  0.0000000    	  0.0000000    
  91.000000    	  92.000000    	  0.0000000    	  0.0000000    
  92.000000    	  93.000000    	  0.0000000    	  0.0000000    
  93.000000    	  94.000000    	  0.0000000    	  0.0000000    
  94.000000    	  95.000000    	  0.0000000    	  0.0000000    
  95.000000    	  96.000000    	  0.0000000    	  0.0000000    
  96.000000    	  97.000000    	  0.0000000    	  0.0000000    
  97.000000    	  98.000000    	  0.0000000    	  0.0000000    
  98.000000    	  99.000000    	  0.0000000    	  0.0000000    
  99.000000    	  100.00000    	  0.0000000    	  0.0000000    
