# pt34_14   
# underflow	  0.0000000    	  0.0000000    
# overflow	  2930.3835    	  48.331517    
# sum	  415550.47    	  11790.391    
# xmin	xmax	cross	numerror
  0.0000000    	  1.0000000    	  4394.0760    	  959.18687    
  1.0000000    	  2.0000000    	  19117.292    	  3759.2913    
  2.0000000    	  3.0000000    	  21047.945    	  3128.1584    
  3.0000000    	  4.0000000    	  22390.264    	  3091.1604    
  4.0000000    	  5.0000000    	  27231.946    	  2994.7047    
  5.0000000    	  6.0000000    	  24488.065    	  2822.0979    
  6.0000000    	  7.0000000    	  19516.359    	  2646.2473    
  7.0000000    	  8.0000000    	  21412.896    	  2487.7970    
  8.0000000    	  9.0000000    	  18551.866    	  2498.5761    
  9.0000000    	  10.000000    	  14347.132    	  2066.9207    
  10.000000    	  11.000000    	  15679.004    	  2083.7735    
  11.000000    	  12.000000    	  9868.1270    	  1696.0518    
  12.000000    	  13.000000    	  8962.5816    	  1607.1039    
  13.000000    	  14.000000    	  10202.354    	  1550.5490    
  14.000000    	  15.000000    	  8673.9588    	  1488.2608    
  15.000000    	  16.000000    	  6292.9091    	  1274.9438    
  16.000000    	  17.000000    	  5606.9054    	  1268.4898    
  17.000000    	  18.000000    	  7733.0935    	  1373.3098    
  18.000000    	  19.000000    	  7028.6292    	  1344.1644    
  19.000000    	  20.000000    	  5376.8382    	  1231.4463    
  20.000000    	  21.000000    	  6720.1779    	  1245.6245    
  21.000000    	  22.000000    	  3493.0229    	  901.56968    
  22.000000    	  23.000000    	  3909.4297    	  1046.3461    
  23.000000    	  24.000000    	  4028.6586    	  946.41918    
  24.000000    	  25.000000    	  5365.2230    	  1051.0863    
  25.000000    	  26.000000    	  4974.2160    	  1111.7184    
  26.000000    	  27.000000    	  1513.0513    	  683.68698    
  27.000000    	  28.000000    	  2401.7848    	  640.67653    
  28.000000    	  29.000000    	  4613.1574    	  1044.9966    
  29.000000    	  30.000000    	  3143.2920    	  754.60732    
  30.000000    	  31.000000    	  4844.7559    	  1142.4871    
  31.000000    	  32.000000    	  2254.7674    	  681.83013    
  32.000000    	  33.000000    	  1903.7708    	  604.04893    
  33.000000    	  34.000000    	  3378.6565    	  871.94872    
  34.000000    	  35.000000    	  3684.9883    	  970.52671    
  35.000000    	  36.000000    	  2571.9307    	  640.95810    
  36.000000    	  37.000000    	  2325.1461    	  802.32015    
  37.000000    	  38.000000    	  1379.2475    	  491.67102    
  38.000000    	  39.000000    	  1578.4952    	  647.10431    
  39.000000    	  40.000000    	  1678.2617    	  610.95079    
  40.000000    	  41.000000    	  2346.6842    	  607.15704    
  41.000000    	  42.000000    	  2060.1050    	  569.68617    
  42.000000    	  43.000000    	  2028.4461    	  586.74018    
  43.000000    	  44.000000    	  2690.5316    	  974.98410    
  44.000000    	  45.000000    	  1733.3960    	  564.69325    
  45.000000    	  46.000000    	  2735.9178    	  783.89013    
  46.000000    	  47.000000    	  1421.3988    	  408.18515    
  47.000000    	  48.000000    	  2327.3692    	  1073.5966    
  48.000000    	  49.000000    	  2139.0099    	  712.77266    
  49.000000    	  50.000000    	  1626.3486    	  559.91462    
  50.000000    	  51.000000    	  1570.9899    	  619.00595    
  51.000000    	  52.000000    	  3915.1696    	  1458.8032    
  52.000000    	  53.000000    	  1990.0285    	  738.22888    
  53.000000    	  54.000000    	  1389.4580    	  561.76256    
  54.000000    	  55.000000    	  1509.5933    	  523.11658    
  55.000000    	  56.000000    	  1442.3071    	  616.27086    
  56.000000    	  57.000000    	  1207.8649    	  516.45818    
  57.000000    	  58.000000    	  2668.6736    	  1083.0624    
  58.000000    	  59.000000    	  3329.7254    	  1696.9326    
  59.000000    	  60.000000    	  3212.5983    	  1544.6557    
  60.000000    	  61.000000    	  2006.9725    	  885.80984    
  61.000000    	  62.000000    	  1065.8429    	  484.06827    
  62.000000    	  63.000000    	  1094.8306    	  391.60046    
  63.000000    	  64.000000    	  2121.6862    	  917.71479    
  64.000000    	  65.000000    	  1059.0341    	  577.07340    
  65.000000    	  66.000000    	  1018.9084    	  389.66784    
  66.000000    	  67.000000    	  1117.7728    	  428.76156    
  67.000000    	  68.000000    	  1239.2792    	  1060.1570    
  68.000000    	  69.000000    	  1596.3145    	  614.91647    
  69.000000    	  70.000000    	  1682.0296    	  1342.8825    
  70.000000    	  71.000000    	  299.83548    	  44.472982    
  71.000000    	  72.000000    	  1819.9321    	  1053.1481    
  72.000000    	  73.000000    	  750.36679    	  487.82045    
  73.000000    	  74.000000    	  1866.8272    	  1543.6034    
  74.000000    	  75.000000    	  696.00543    	  312.18351    
  75.000000    	  76.000000    	  258.57700    	  30.449528    
  76.000000    	  77.000000    	  797.13520    	  380.61385    
  77.000000    	  78.000000    	  601.10219    	  244.26713    
  78.000000    	  79.000000    	  543.15771    	  150.17893    
  79.000000    	  80.000000    	  608.32278    	  328.88635    
  80.000000    	  81.000000    	  228.14779    	  24.663292    
  81.000000    	  82.000000    	  230.24694    	  22.184272    
  82.000000    	  83.000000    	  270.32006    	  24.622589    
  83.000000    	  84.000000    	  235.51086    	  23.831280    
  84.000000    	  85.000000    	  207.35840    	  21.185287    
  85.000000    	  86.000000    	  161.25408    	  21.183820    
  86.000000    	  87.000000    	  208.07546    	  19.224940    
  87.000000    	  88.000000    	  148.03137    	  19.579038    
  88.000000    	  89.000000    	  209.26190    	  19.559554    
  89.000000    	  90.000000    	  174.36123    	  18.243662    
  90.000000    	  91.000000    	  155.28952    	  18.645507    
  91.000000    	  92.000000    	  148.15390    	  18.913760    
  92.000000    	  93.000000    	  122.09723    	  16.641860    
  93.000000    	  94.000000    	  125.94195    	  16.119848    
  94.000000    	  95.000000    	  143.42445    	  14.412325    
  95.000000    	  96.000000    	  142.25898    	  14.231870    
  96.000000    	  97.000000    	  115.85458    	  15.649574    
  97.000000    	  98.000000    	  111.55104    	  13.685443    
  98.000000    	  99.000000    	  118.33696    	  12.543709    
  99.000000    	  100.00000    	  90.782872    	  11.546502    
