# pt34_7    
# underflow	  0.0000000    	  0.0000000    
# overflow	  9423.2617    	  104.32014    
# sum	  842965.61    	  4113.3343    
# xmin	xmax	cross	numerror
  0.0000000    	  1.0000000    	  0.0000000    	  0.0000000    
  1.0000000    	  2.0000000    	  51666.225    	  2809.2676    
  2.0000000    	  3.0000000    	  86983.051    	  1536.2114    
  3.0000000    	  4.0000000    	  74357.271    	  1043.3777    
  4.0000000    	  5.0000000    	  62543.896    	  931.29357    
  5.0000000    	  6.0000000    	  54811.951    	  807.61552    
  6.0000000    	  7.0000000    	  44860.262    	  690.35140    
  7.0000000    	  8.0000000    	  39343.226    	  634.14209    
  8.0000000    	  9.0000000    	  34802.618    	  646.63710    
  9.0000000    	  10.000000    	  29303.462    	  571.35427    
  10.000000    	  11.000000    	  25125.889    	  494.03376    
  11.000000    	  12.000000    	  24275.830    	  445.02543    
  12.000000    	  13.000000    	  21120.675    	  421.94015    
  13.000000    	  14.000000    	  18734.144    	  410.91363    
  14.000000    	  15.000000    	  17366.536    	  380.97695    
  15.000000    	  16.000000    	  15397.066    	  350.44002    
  16.000000    	  17.000000    	  14314.463    	  308.93713    
  17.000000    	  18.000000    	  13434.904    	  305.86328    
  18.000000    	  19.000000    	  11659.032    	  295.34369    
  19.000000    	  20.000000    	  11502.088    	  274.73076    
  20.000000    	  21.000000    	  10271.722    	  271.74288    
  21.000000    	  22.000000    	  9599.7749    	  260.55640    
  22.000000    	  23.000000    	  8480.4746    	  254.42975    
  23.000000    	  24.000000    	  8538.2333    	  243.68847    
  24.000000    	  25.000000    	  7413.2555    	  231.22229    
  25.000000    	  26.000000    	  7407.1124    	  214.28564    
  26.000000    	  27.000000    	  7115.7609    	  192.17858    
  27.000000    	  28.000000    	  6552.4856    	  200.82822    
  28.000000    	  29.000000    	  6191.5877    	  197.20868    
  29.000000    	  30.000000    	  5417.7559    	  181.98578    
  30.000000    	  31.000000    	  5338.7919    	  176.03486    
  31.000000    	  32.000000    	  4818.6405    	  165.58229    
  32.000000    	  33.000000    	  4811.7357    	  165.59132    
  33.000000    	  34.000000    	  4280.3686    	  161.36303    
  34.000000    	  35.000000    	  3935.5314    	  157.45079    
  35.000000    	  36.000000    	  3862.5302    	  152.65788    
  36.000000    	  37.000000    	  3803.7426    	  141.23506    
  37.000000    	  38.000000    	  3748.4199    	  144.09365    
  38.000000    	  39.000000    	  3093.2037    	  152.90720    
  39.000000    	  40.000000    	  3198.4794    	  137.65828    
  40.000000    	  41.000000    	  3119.5725    	  135.30138    
  41.000000    	  42.000000    	  2696.2762    	  125.06215    
  42.000000    	  43.000000    	  2851.0224    	  108.96990    
  43.000000    	  44.000000    	  2583.4277    	  107.91816    
  44.000000    	  45.000000    	  2483.0420    	  105.48755    
  45.000000    	  46.000000    	  2349.7315    	  104.79890    
  46.000000    	  47.000000    	  2261.0548    	  99.522516    
  47.000000    	  48.000000    	  2205.6583    	  94.574724    
  48.000000    	  49.000000    	  2026.3795    	  96.865944    
  49.000000    	  50.000000    	  1837.8839    	  94.585799    
  50.000000    	  51.000000    	  2072.8473    	  91.174356    
  51.000000    	  52.000000    	  1764.2407    	  87.229313    
  52.000000    	  53.000000    	  1587.4769    	  81.480266    
  53.000000    	  54.000000    	  1583.1249    	  84.952274    
  54.000000    	  55.000000    	  1549.7116    	  82.639100    
  55.000000    	  56.000000    	  1625.4839    	  76.130631    
  56.000000    	  57.000000    	  1248.3415    	  75.023498    
  57.000000    	  58.000000    	  1386.7882    	  80.296883    
  58.000000    	  59.000000    	  1279.6704    	  80.237226    
  59.000000    	  60.000000    	  1269.9167    	  68.490785    
  60.000000    	  61.000000    	  1133.7940    	  64.607604    
  61.000000    	  62.000000    	  1127.1335    	  61.276893    
  62.000000    	  63.000000    	  1186.4465    	  58.684428    
  63.000000    	  64.000000    	  1033.0217    	  63.042491    
  64.000000    	  65.000000    	  988.50314    	  61.536668    
  65.000000    	  66.000000    	  919.36095    	  53.684786    
  66.000000    	  67.000000    	  948.43586    	  54.047273    
  67.000000    	  68.000000    	  817.61073    	  51.454778    
  68.000000    	  69.000000    	  921.69159    	  53.659371    
  69.000000    	  70.000000    	  790.00363    	  58.731160    
  70.000000    	  71.000000    	  867.76934    	  54.153205    
  71.000000    	  72.000000    	  727.42912    	  52.172789    
  72.000000    	  73.000000    	  815.49021    	  54.608718    
  73.000000    	  74.000000    	  589.49771    	  47.147671    
  74.000000    	  75.000000    	  642.02842    	  46.591627    
  75.000000    	  76.000000    	  689.53448    	  46.798054    
  76.000000    	  77.000000    	  643.77888    	  48.469780    
  77.000000    	  78.000000    	  575.23878    	  45.524292    
  78.000000    	  79.000000    	  595.21401    	  42.651548    
  79.000000    	  80.000000    	  447.01629    	  37.868021    
  80.000000    	  81.000000    	  576.68567    	  38.160691    
  81.000000    	  82.000000    	  499.05435    	  37.887227    
  82.000000    	  83.000000    	  504.32613    	  38.439745    
  83.000000    	  84.000000    	  545.52616    	  38.075805    
  84.000000    	  85.000000    	  432.91901    	  33.605729    
  85.000000    	  86.000000    	  494.67701    	  37.630935    
  86.000000    	  87.000000    	  368.76650    	  36.792467    
  87.000000    	  88.000000    	  434.45593    	  32.206602    
  88.000000    	  89.000000    	  422.18363    	  31.870155    
  89.000000    	  90.000000    	  378.42688    	  31.370788    
  90.000000    	  91.000000    	  371.94467    	  28.252028    
  91.000000    	  92.000000    	  359.31295    	  28.884080    
  92.000000    	  93.000000    	  355.85495    	  29.109740    
  93.000000    	  94.000000    	  318.70070    	  27.786879    
  94.000000    	  95.000000    	  365.74566    	  28.051834    
  95.000000    	  96.000000    	  294.58466    	  27.742774    
  96.000000    	  97.000000    	  251.09598    	  25.160438    
  97.000000    	  98.000000    	  316.79355    	  25.306866    
  98.000000    	  99.000000    	  262.17625    	  23.380217    
  99.000000    	  100.00000    	  266.27105    	  22.232339    
