# pt34_15   
# underflow	  0.0000000    	  0.0000000    
# overflow	  0.0000000    	  0.0000000    
# sum	 -501697.16    	  4170.6756    
# xmin	xmax	cross	numerror
  0.0000000    	  1.0000000    	  0.0000000    	  0.0000000    
  1.0000000    	  2.0000000    	 -61785.369    	  1616.2343    
  2.0000000    	  3.0000000    	 -62739.164    	  1533.9453    
  3.0000000    	  4.0000000    	 -50864.808    	  1345.3659    
  4.0000000    	  5.0000000    	 -41306.601    	  1203.6012    
  5.0000000    	  6.0000000    	 -33851.033    	  1082.1480    
  6.0000000    	  7.0000000    	 -27783.006    	  972.00027    
  7.0000000    	  8.0000000    	 -23331.223    	  888.59443    
  8.0000000    	  9.0000000    	 -20758.505    	  829.17883    
  9.0000000    	  10.000000    	 -17946.642    	  771.88830    
  10.000000    	  11.000000    	 -15498.782    	  716.67449    
  11.000000    	  12.000000    	 -13796.068    	  673.48971    
  12.000000    	  13.000000    	 -12764.023    	  647.22374    
  13.000000    	  14.000000    	 -10946.442    	  596.03193    
  14.000000    	  15.000000    	 -9814.4901    	  564.63794    
  15.000000    	  16.000000    	 -8645.0877    	  526.03532    
  16.000000    	  17.000000    	 -8201.2561    	  512.78578    
  17.000000    	  18.000000    	 -6634.1325    	  457.12636    
  18.000000    	  19.000000    	 -6931.9955    	  469.41572    
  19.000000    	  20.000000    	 -5880.4318    	  428.51793    
  20.000000    	  21.000000    	 -5612.0881    	  420.10208    
  21.000000    	  22.000000    	 -4759.4228    	  383.78458    
  22.000000    	  23.000000    	 -4780.4172    	  385.61250    
  23.000000    	  24.000000    	 -4111.6897    	  355.38293    
  24.000000    	  25.000000    	 -3631.9658    	  329.04991    
  25.000000    	  26.000000    	 -3708.6965    	  335.15492    
  26.000000    	  27.000000    	 -3061.5565    	  301.46499    
  27.000000    	  28.000000    	 -3135.1412    	  310.45842    
  28.000000    	  29.000000    	 -2849.7432    	  291.07324    
  29.000000    	  30.000000    	 -2366.5719    	  264.39547    
  30.000000    	  31.000000    	 -2572.0029    	  275.20379    
  31.000000    	  32.000000    	 -1536.2032    	  196.69341    
  32.000000    	  33.000000    	 -1523.8954    	  215.04375    
  33.000000    	  34.000000    	 -1915.0745    	  229.70647    
  34.000000    	  35.000000    	 -1937.2709    	  239.60396    
  35.000000    	  36.000000    	 -1422.3014    	  193.06547    
  36.000000    	  37.000000    	 -1479.2479    	  205.82858    
  37.000000    	  38.000000    	 -1483.0515    	  193.75598    
  38.000000    	  39.000000    	 -934.29430    	  153.00474    
  39.000000    	  40.000000    	 -414.18754    	  92.435686    
  40.000000    	  41.000000    	 -1215.6372    	  175.66142    
  41.000000    	  42.000000    	 -1053.7146    	  170.27713    
  42.000000    	  43.000000    	 -1056.8782    	  168.39679    
  43.000000    	  44.000000    	 -546.65931    	  99.000126    
  44.000000    	  45.000000    	 -452.18566    	  94.956212    
  45.000000    	  46.000000    	 -397.23003    	  87.700954    
  46.000000    	  47.000000    	 -618.20065    	  115.47157    
  47.000000    	  48.000000    	 -306.42239    	  69.305703    
  48.000000    	  49.000000    	 -498.45466    	  96.714986    
  49.000000    	  50.000000    	 -218.20032    	  63.937848    
  50.000000    	  51.000000    	 -205.92931    	  56.315285    
  51.000000    	  52.000000    	 -529.18851    	  108.41134    
  52.000000    	  53.000000    	 -160.72448    	  47.493505    
  53.000000    	  54.000000    	 -284.18023    	  65.895946    
  54.000000    	  55.000000    	 -213.44218    	  50.327186    
  55.000000    	  56.000000    	 -106.83060    	  35.812217    
  56.000000    	  57.000000    	 -174.35108    	  54.116441    
  57.000000    	  58.000000    	 -140.95940    	  39.516657    
  58.000000    	  59.000000    	 -65.947913    	  30.781341    
  59.000000    	  60.000000    	 -166.62965    	  43.944552    
  60.000000    	  61.000000    	 -106.59705    	  30.974724    
  61.000000    	  62.000000    	 -99.129166    	  26.651042    
  62.000000    	  63.000000    	 -131.56388    	  36.975159    
  63.000000    	  64.000000    	 -45.896265    	  31.107314    
  64.000000    	  65.000000    	 -56.900284    	  28.939691    
  65.000000    	  66.000000    	 -75.300903    	  29.481929    
  66.000000    	  67.000000    	 -40.199381    	  17.072698    
  67.000000    	  68.000000    	 -57.708989    	  24.167053    
  68.000000    	  69.000000    	 -26.336099    	  15.223226    
  69.000000    	  70.000000    	 -76.254638    	  27.622609    
  70.000000    	  71.000000    	 -6.2727100    	  4.6968595    
  71.000000    	  72.000000    	  6.8024836    	  11.254919    
  72.000000    	  73.000000    	-0.97202324    	  3.7616253    
  73.000000    	  74.000000    	 -1.0178473    	  1.4479978    
  74.000000    	  75.000000    	  4.6217160    	  2.8375333    
  75.000000    	  76.000000    	  3.7110052    	  2.8971404    
  76.000000    	  77.000000    	 -1.4855724    	  2.7458546    
  77.000000    	  78.000000    	  64.905846    	  21.307618    
  78.000000    	  79.000000    	  39.147550    	  17.458546    
  79.000000    	  80.000000    	  34.930160    	  18.022489    
  80.000000    	  81.000000    	  0.0000000    	  0.0000000    
  81.000000    	  82.000000    	  0.0000000    	  0.0000000    
  82.000000    	  83.000000    	  0.0000000    	  0.0000000    
  83.000000    	  84.000000    	  0.0000000    	  0.0000000    
  84.000000    	  85.000000    	  0.0000000    	  0.0000000    
  85.000000    	  86.000000    	  0.0000000    	  0.0000000    
  86.000000    	  87.000000    	  0.0000000    	  0.0000000    
  87.000000    	  88.000000    	  0.0000000    	  0.0000000    
  88.000000    	  89.000000    	  0.0000000    	  0.0000000    
  89.000000    	  90.000000    	  0.0000000    	  0.0000000    
  90.000000    	  91.000000    	  0.0000000    	  0.0000000    
  91.000000    	  92.000000    	  0.0000000    	  0.0000000    
  92.000000    	  93.000000    	  0.0000000    	  0.0000000    
  93.000000    	  94.000000    	  0.0000000    	  0.0000000    
  94.000000    	  95.000000    	  0.0000000    	  0.0000000    
  95.000000    	  96.000000    	  0.0000000    	  0.0000000    
  96.000000    	  97.000000    	  0.0000000    	  0.0000000    
  97.000000    	  98.000000    	  0.0000000    	  0.0000000    
  98.000000    	  99.000000    	  0.0000000    	  0.0000000    
  99.000000    	  100.00000    	  0.0000000    	  0.0000000    
