# pt34_9    
# underflow	  0.0000000    	  0.0000000    
# overflow	  8273.2149    	  96.863209    
# sum	  625462.77    	  15453.311    
# xmin	xmax	cross	numerror
  0.0000000    	  1.0000000    	  2529.3101    	  577.59669    
  1.0000000    	  2.0000000    	  13856.479    	  3468.0640    
  2.0000000    	  3.0000000    	  24383.886    	  3205.1825    
  3.0000000    	  4.0000000    	  29273.035    	  3130.1770    
  4.0000000    	  5.0000000    	  30004.362    	  3087.1675    
  5.0000000    	  6.0000000    	  32629.197    	  3001.9751    
  6.0000000    	  7.0000000    	  27631.599    	  2926.0390    
  7.0000000    	  8.0000000    	  25993.196    	  2753.3269    
  8.0000000    	  9.0000000    	  24265.441    	  2674.9970    
  9.0000000    	  10.000000    	  21383.974    	  2495.1474    
  10.000000    	  11.000000    	  19038.768    	  2372.7570    
  11.000000    	  12.000000    	  19589.468    	  2325.9267    
  12.000000    	  13.000000    	  17566.824    	  2213.8043    
  13.000000    	  14.000000    	  18089.534    	  2283.3653    
  14.000000    	  15.000000    	  14318.484    	  1962.6291    
  15.000000    	  16.000000    	  12760.366    	  1970.5748    
  16.000000    	  17.000000    	  11894.906    	  1860.7644    
  17.000000    	  18.000000    	  9828.1325    	  1684.6519    
  18.000000    	  19.000000    	  9856.3867    	  1672.7790    
  19.000000    	  20.000000    	  9663.1966    	  1637.0027    
  20.000000    	  21.000000    	  4650.1481    	  1249.9249    
  21.000000    	  22.000000    	  6565.4830    	  1420.4275    
  22.000000    	  23.000000    	  5274.0699    	  1274.8132    
  23.000000    	  24.000000    	  6009.5288    	  1406.0431    
  24.000000    	  25.000000    	  7724.9112    	  1586.9236    
  25.000000    	  26.000000    	  7278.0232    	  1428.8222    
  26.000000    	  27.000000    	  5528.4858    	  1246.9246    
  27.000000    	  28.000000    	  4644.2676    	  1290.0351    
  28.000000    	  29.000000    	  4228.9277    	  1293.6314    
  29.000000    	  30.000000    	  6089.8807    	  1326.4171    
  30.000000    	  31.000000    	  5642.1944    	  1290.8911    
  31.000000    	  32.000000    	  4801.5961    	  1270.7754    
  32.000000    	  33.000000    	  4761.6832    	  1130.6649    
  33.000000    	  34.000000    	  3723.3684    	  1108.2347    
  34.000000    	  35.000000    	  5960.1271    	  1645.8655    
  35.000000    	  36.000000    	  4665.6076    	  1473.4832    
  36.000000    	  37.000000    	  5281.6629    	  1498.3949    
  37.000000    	  38.000000    	  5687.2113    	  1394.3808    
  38.000000    	  39.000000    	  3793.6150    	  1426.4541    
  39.000000    	  40.000000    	  2902.8173    	  903.34792    
  40.000000    	  41.000000    	  3843.5023    	  1526.5866    
  41.000000    	  42.000000    	  5498.9032    	  1464.3209    
  42.000000    	  43.000000    	  4718.9209    	  1573.1280    
  43.000000    	  44.000000    	  2331.8502    	  840.81866    
  44.000000    	  45.000000    	  2975.8712    	  1046.4432    
  45.000000    	  46.000000    	  6178.4148    	  2184.4278    
  46.000000    	  47.000000    	  5890.7563    	  1420.5575    
  47.000000    	  48.000000    	  7948.3882    	  2177.2375    
  48.000000    	  49.000000    	  6585.4009    	  1979.0232    
  49.000000    	  50.000000    	  2855.9224    	  1115.3168    
  50.000000    	  51.000000    	  3331.8852    	  1077.4449    
  51.000000    	  52.000000    	  5014.1209    	  1961.2454    
  52.000000    	  53.000000    	  2388.9257    	  1291.6120    
  53.000000    	  54.000000    	  2620.0415    	  1061.6473    
  54.000000    	  55.000000    	  276.94879    	  470.80288    
  55.000000    	  56.000000    	  4587.8591    	  1678.4457    
  56.000000    	  57.000000    	  3956.7900    	  1699.6955    
  57.000000    	  58.000000    	  2716.2593    	  1210.5486    
  58.000000    	  59.000000    	  3955.7528    	  1479.9194    
  59.000000    	  60.000000    	  2753.7354    	  1190.1941    
  60.000000    	  61.000000    	  4295.9847    	  1811.4276    
  61.000000    	  62.000000    	  2716.7793    	  1268.4340    
  62.000000    	  63.000000    	  3593.5658    	  1742.8990    
  63.000000    	  64.000000    	  3194.6296    	  1343.7375    
  64.000000    	  65.000000    	  3461.8133    	  1488.6276    
  65.000000    	  66.000000    	  2817.6500    	  1436.4253    
  66.000000    	  67.000000    	  2208.0158    	  1239.9098    
  67.000000    	  68.000000    	  413.45537    	  135.84759    
  68.000000    	  69.000000    	  2591.2906    	  1089.9023    
  69.000000    	  70.000000    	  2247.7119    	  854.10704    
  70.000000    	  71.000000    	  3013.4138    	  2556.0229    
  71.000000    	  72.000000    	  4100.0632    	  2162.5168    
  72.000000    	  73.000000    	  2536.4637    	  1335.9379    
  73.000000    	  74.000000    	  3150.2458    	  1569.9435    
  74.000000    	  75.000000    	  2196.7456    	  1067.5875    
  75.000000    	  76.000000    	  906.73689    	  401.45252    
  76.000000    	  77.000000    	  1478.1719    	  660.67300    
  77.000000    	  78.000000    	  1738.1147    	  797.69134    
  78.000000    	  79.000000    	  1789.5885    	  1072.3496    
  79.000000    	  80.000000    	  1713.2795    	  891.96449    
  80.000000    	  81.000000    	  454.73931    	  38.262491    
  81.000000    	  82.000000    	  480.76015    	  37.716300    
  82.000000    	  83.000000    	  465.35752    	  35.578248    
  83.000000    	  84.000000    	  380.99773    	  34.476353    
  84.000000    	  85.000000    	  390.59182    	  35.675906    
  85.000000    	  86.000000    	  421.03195    	  33.063268    
  86.000000    	  87.000000    	  318.90368    	  32.223975    
  87.000000    	  88.000000    	  393.35857    	  32.970166    
  88.000000    	  89.000000    	  345.58177    	  30.420422    
  89.000000    	  90.000000    	  385.83414    	  28.877314    
  90.000000    	  91.000000    	  307.05641    	  26.988623    
  91.000000    	  92.000000    	  326.21897    	  27.107537    
  92.000000    	  93.000000    	  307.54720    	  26.297901    
  93.000000    	  94.000000    	  285.28283    	  25.393947    
  94.000000    	  95.000000    	  276.11804    	  28.096268    
  95.000000    	  96.000000    	  277.09402    	  23.888738    
  96.000000    	  97.000000    	  286.43445    	  22.323168    
  97.000000    	  98.000000    	  235.94769    	  21.068864    
  98.000000    	  99.000000    	  237.73327    	  20.871038    
  99.000000    	  100.00000    	  248.84005    	  20.910853    
